100.2743  100.0774  0.0001    100.3800  100.3107  100.4047  0.0000    0.0000    0.0005    0.0001    100.3798  100.3800  100.3107  0.0000    0.0000    100.4895  99.9959   99.9184   0.0021    100.0714  99.9962   0.0001    100.4895  99.9187   0.0020    0.0023    0.0001    100.3798  100.3758  100.3800  100.3154  100.3775  100.4467  0.0000    0.0004    0.0023    0.0001    100.3800  100.3126  100.4013  0.0020    0.0052    0.0001    100.3800  100.3103  0.0000    100.4894  100.0774  0.0001    

100.2747  99.9159   0.0052    0.0001    0.0000    100.3099  0.0000    100.4895  99.9985   100.0774  0.0001    100.3800  100.3103  0.0000    100.4924  0.0001    100.3103  0.0000    100.3751  0.0000    0.0000    100.3751  0.0000    100.3798  100.3758  100.3751  0.0000    100.3775  100.4467  0.0000    0.0004    0.0052    0.0001    100.3798  100.3775  100.4924  0.0001    100.3798  100.3800  100.3127  100.4508  0.0001    0.0000    100.3155  100.3103  0.0000    100.3127  100.4924  0.0001    

0.0000    100.3800  100.3099  0.0000    100.4466  0.0023    0.0001    100.3155  100.3103  0.0000    100.3099  0.0000    0.0000    100.3126  100.4030  0.0005    0.0019    0.0004    0.0023    0.0001    100.4493  0.0001    100.3775  100.4031  0.0004    0.0052    0.0001    100.4030  0.0004    0.0021    100.0774  0.0001    100.3754  100.3798  100.3751  0.0000    0.0000    100.4895  99.9159   0.0052    0.0001    100.3775  100.4895  99.9186   0.0021    99.9242   0.0000    0.0021    100.0792  

100.2970  0.0004    0.0052    0.0001    100.3104  100.3800  100.3155  100.3155  100.3103  0.0000    100.3751  0.0000    100.3758  100.3775  100.4029  0.0005    0.0004    0.0049    99.9212   0.0005    0.0004    0.0049    99.9213   0.0005    0.0019    0.0000    0.0004    0.0021    99.9889   0.0049    100.0715  99.9215   0.0004    0.0004    0.0049    100.0714  99.9916   0.0000    0.0052    0.0001    100.3103  0.0000    100.3127  100.4924  0.0001    100.3127  100.4895  99.9158   0.0052    

100.3053  0.0049    100.0712  100.0714  99.9913   0.0023    0.0001    0.0000    100.3103  0.0000    100.3751  0.0000    0.0000    100.3099  0.0000    100.4029  0.0005    0.0001    100.3155  100.3154  100.3754  100.4924  0.0001    0.0000    0.0000    100.3099  0.0000    100.3154  100.3758  100.3775  100.3996  0.0049    99.9987   0.0001    0.0000    0.0000    0.0000    100.3775  100.4895  99.9188   0.0019    0.0005    0.0004    0.0049    99.9889   0.0052    0.0001    100.4009  0.0024    

0.0000    100.4010  0.0023    0.0001    100.4263  0.0000    0.0005    0.0000    0.0004    0.0021    99.9182   0.0023    0.0001    100.3751  0.0000    100.3127  100.4493  0.0001    0.0000    100.3127  100.4507  0.0001    100.3751  0.0000    100.3103  100.3155  100.3154  100.3751  0.0000    0.0000    0.0000    100.3798  100.3758  100.3775  100.4029  0.0005    0.0004    0.0000    0.0004    0.0052    0.0001    0.0000    100.3800  100.3127  100.4491  100.0712  100.0712  100.0712  100.0792  

100.2826  100.0715  99.9240   0.0000    0.0001    0.0005    0.0000    0.0005    0.0005    0.0001    100.3154  100.3751  0.0000    100.3155  100.3155  100.3154  100.3758  0.0000    100.3775  100.4012  0.0021    0.0001    100.4011  0.0021    99.9916   0.0000    0.0049    100.0774  0.0001    100.3155  100.3099  0.0000    0.0000    0.0000    0.0000    100.4895  99.9984   100.0774  0.0001    100.3751  0.0000    0.0000    0.0000    0.0000    100.3107  100.3126  100.4030  0.0004    0.0024    

0.0000    100.3798  100.3775  100.4029  0.0005    0.0001    0.0000    100.4924  0.0001    100.4010  0.0023    0.0001    0.0000    0.0000    100.3099  0.0000    0.0000    100.3800  100.3155  100.3126  100.4262  0.0000    0.0005    0.0005    0.0004    0.0001    100.3751  0.0000    100.4454  0.0004    0.0021    99.9186   0.0021    0.0001    100.3751  0.0000    100.4508  0.0001    100.3155  100.3155  100.3103  100.3126  100.3995  0.0052    0.0001    100.3154  100.3775  100.4009  0.0024    

100.2737  0.0001    100.3800  100.3099  0.0000    100.3155  100.3127  100.4895  99.9985   100.0774  0.0001    100.3798  100.3754  100.3775  100.4010  0.0023    0.0001    100.3154  100.3751  0.0000    100.3107  100.4030  0.0005    0.0005    0.0004    0.0023    0.0001    100.4031  0.0004    0.0049    99.9241   0.0000    0.0005    0.0001    100.3154  100.3798  100.3754  0.0000    100.4924  0.0001    100.3754  100.4894  100.0774  0.0001    100.3107  100.4031  0.0004    0.0049    100.0792  

100.2966  0.0000    0.0052    0.0001    0.0000    100.4895  99.9241   0.0000    0.0004    0.0023    0.0001    100.3127  100.4493  0.0001    100.3775  100.4031  0.0004    0.0049    100.0715  99.9187   0.0020    0.0052    0.0001    100.3800  100.3107  100.3995  0.0052    0.0001    100.4452  0.0052    0.0001    100.4895  99.9987   0.0001    0.0000    0.0000    100.3758  0.0000    0.0000    100.4021  0.0011    0.0005    0.0000    0.0004    0.0022    100.0774  0.0001    100.3154  100.3751  

0.0000    100.3099  0.0000    100.3155  100.3103  100.3800  100.3099  0.0000    0.0000    100.3127  100.4895  99.9187   0.0020    0.0049    100.0774  0.0001    100.3107  100.3996  0.0049    99.9215   0.0004    0.0004    0.0049    99.9186   0.0021    0.0001    100.4030  0.0004    0.0022    0.0001    0.0000    100.3800  100.3103  100.3099  0.0000    100.3751  0.0000    0.0000    100.3995  0.0052    0.0001    0.0000    100.3154  100.3800  100.3104  100.3798  100.3798  100.3800  100.3099  

0.0000    0.0000    0.0000    100.4029  0.0004    0.0001    100.4030  0.0004    0.0022    100.0774  0.0001    100.4924  0.0001    100.3798  100.3775  100.4895  99.9984   99.9159   0.0052    0.0001    0.0000    0.0000    100.4030  0.0005    0.0019    0.0021    99.9212   0.0005    0.0004    0.0021    99.9241   0.0000    0.0004    100.0774  0.0001    0.0000    100.4465  0.0021    99.9182   0.0023    0.0001    100.3154  100.3798  100.3775  100.4493  0.0001    0.0000    100.3127  100.4932  

100.2970  0.0005    0.0000    0.0052    0.0001    0.0000    0.0000    100.4895  99.9915   0.0004    0.0052    0.0001    0.0000    100.3798  100.3751  0.0000    100.3758  100.4924  0.0001    100.3775  100.4492  99.9240   0.0000    0.0000    0.0020    0.0049    100.0774  0.0001    100.3754  100.3800  100.3099  0.0000    0.0000    0.0000    100.3798  100.3798  100.3758  0.0000    0.0000    100.4014  0.0019    0.0000    0.0049    99.9188   0.0019    0.0004    0.0049    100.0712  100.0792  

0.0000    0.0000    100.3798  100.3798  100.3758  100.3099  0.0000    0.0000    100.4465  0.0052    0.0001    100.4924  0.0001    0.0000    0.0000    100.4895  99.9579   0.0000    0.0005    0.0005    0.0019    0.0023    0.0001    100.4013  0.0020    0.0023    0.0001    100.3800  100.3103  100.4924  0.0001    0.0000    100.3107  0.0000    100.4030  0.0004    0.0020    0.0052    0.0001    100.3798  100.3754  100.4924  0.0001    0.0000    100.3754  100.3751  0.0000    0.0000    100.3099  

100.2747  100.0774  0.0001    0.0000    0.0000    100.3775  100.4894  100.0714  99.9984   99.9214   0.0004    0.0052    0.0001    100.3099  0.0000    100.3775  100.4454  0.0004    0.0049    99.9212   0.0004    0.0001    0.0000    0.0000    100.4507  0.0001    0.0000    0.0000    0.0000    0.0000    0.0000    100.4924  0.0001    100.3127  100.4924  0.0001    0.0000    100.3775  100.4895  99.9185   0.0022    0.0001    0.0000    0.0000    100.3103  0.0000    100.3798  100.3751  0.0000    

0.0000    100.4894  100.0712  100.0774  0.0001    100.3155  100.3154  100.3800  100.3103  0.0000    100.3155  100.3154  100.3758  0.0000    0.0000    100.4895  99.9893   0.0000    0.0021    99.9187   0.0020    0.0000    0.0021    100.0774  0.0001    100.3798  100.3798  100.3775  100.4491  100.0712  100.0715  99.9212   0.0004    0.0001    100.4029  0.0005    0.0004    0.0000    0.0049    99.9199   0.0011    0.0005    0.0005    0.0000    0.0021    0.0001    0.0000    100.3775  100.4932  

100.2733  0.0001    100.3800  100.3155  100.3103  0.0000    100.3127  100.4924  0.0001    100.3126  100.4010  0.0023    0.0001    100.3126  100.4048  0.0000    0.0004    0.0004    0.0052    0.0001    100.4452  0.0049    99.9212   0.0005    0.0004    0.0049    100.0712  100.0714  99.9962   0.0001    100.3127  100.4895  99.9913   0.0021    99.9159   0.0052    0.0001    100.4894  100.0712  100.0714  99.9889   0.0052    0.0001    0.0000    100.4505  99.9159   0.0052    0.0001    100.3751  

100.2820  0.0001    100.4924  0.0001    100.4465  0.0049    100.0774  0.0001    100.3754  100.3751  0.0000    100.3798  100.3758  0.0000    100.3751  0.0000    100.4508  0.0001    100.3155  100.3155  100.3107  100.3155  100.3155  100.3127  100.4507  0.0001    100.4924  0.0001    100.3754  0.0000    100.3798  100.3751  0.0000    100.3775  100.4011  0.0021    99.9913   0.0021    100.0774  0.0001    100.3103  0.0000    0.0000    100.4924  0.0001    100.4894  100.0774  0.0001    0.0000    

0.0000    100.4048  0.0000    0.0021    99.9959   100.0712  100.0715  99.9214   0.0004    0.0000    0.0004    0.0052    0.0001    100.4924  0.0001    100.3127  100.4507  0.0001    100.3800  100.3099  0.0000    100.3751  0.0000    100.4895  99.9889   0.0052    0.0001    100.4029  0.0004    0.0001    100.3155  100.3127  100.4507  0.0001    100.3751  0.0000    100.3107  100.3996  0.0049    100.0714  99.9960   100.0715  99.9241   0.0000    0.0011    0.0000    0.0000    0.0004    0.0024    

0.0000    100.3800  100.3127  100.4924  0.0001    100.4895  99.9159   0.0052    0.0001    100.3798  100.3800  100.3154  100.3754  0.0000    100.3800  100.3155  100.3107  100.3099  0.0000    100.4039  0.0001    0.0000    0.0005    0.0000    0.0004    0.0049    99.9184   0.0021    99.9987   0.0001    100.3099  0.0000    100.3758  100.3798  100.3775  100.4029  0.0005    100.0774  0.0001    100.3099  0.0000    100.3800  100.3155  100.3154  100.3754  0.0000    100.3154  100.3800  100.3099  

