100.0087  99.8517   0.0056    0.0002    0.0000    100.3048  0.0000    100.4919  100.0186  100.0248  0.0002    100.3818  100.3048  0.0000    100.4947  0.0002    100.3048  0.0000    100.3770  0.0000    0.0000    100.3770  0.0000    100.3816  100.3816  100.3770  0.0000    100.3793  100.4048  0.0000    0.0005    0.0056    0.0002    

0.0000    100.3818  100.3048  0.0000    100.4009  0.0024    0.0002    100.3105  100.3048  0.0000    100.3048  0.0000    0.0000    100.3076  100.4028  0.0006    0.0006    0.0005    0.0024    0.0002    100.4947  0.0002    100.3793  100.4050  0.0000    0.0056    0.0002    100.4049  0.0000    0.0022    100.0189  99.8544   0.0023    

100.5252  0.0005    0.0056    0.0002    100.3103  100.3818  100.3105  100.3105  100.3048  0.0000    100.3770  0.0000    100.3816  100.3793  100.4027  0.0006    0.0000    0.0054    99.8572   0.0006    0.0000    0.0054    99.8573   0.0006    0.0006    0.0000    0.0005    0.0022    99.8519   0.0054    100.0189  99.8544   0.0023    

100.5423  0.0054    100.0186  100.0189  99.8543   0.0024    0.0002    0.0000    100.3048  0.0000    100.3770  0.0000    0.0000    100.3048  0.0000    100.4009  0.0024    0.0002    100.3105  100.3103  100.3794  100.4947  0.0002    0.0000    0.0000    100.3048  0.0000    100.3103  100.3816  100.3793  100.3994  0.0054    100.0215  

0.0000    100.4009  0.0024    0.0002    100.4048  0.0000    0.0006    0.0000    0.0000    0.0022    99.8543   0.0024    0.0002    100.3770  0.0000    100.3076  100.4947  0.0002    0.0000    100.3076  100.4947  0.0002    100.3770  0.0000    100.3105  100.3105  100.3103  100.3770  0.0000    0.0000    100.4049  0.0000    0.0023    

100.0096  100.0189  99.8604   0.0000    0.0000    0.0006    0.0000    0.0005    0.0024    0.0002    100.3103  100.3770  0.0000    100.3105  100.3105  100.3103  100.3770  0.0000    100.3793  100.3993  0.0056    0.0002    100.4011  0.0022    99.8607   0.0000    0.0054    100.0248  0.0002    100.3105  100.3048  0.0000    100.4932  

0.0000    100.3816  100.3793  100.4009  0.0024    0.0002    0.0000    100.4947  0.0002    100.4009  0.0024    0.0002    0.0000    0.0000    100.3048  0.0000    0.0000    100.3818  100.3105  100.3076  100.4048  0.0000    0.0006    0.0005    0.0024    0.0002    100.3770  0.0000    100.4029  0.0005    0.0022    99.8518   0.0055    

99.9889   0.0002    100.3818  100.3048  0.0000    100.3105  100.3076  100.4919  100.0186  100.0248  0.0002    100.3816  100.3816  100.3793  100.4009  0.0024    0.0002    100.3103  100.3770  0.0000    100.3076  100.4028  0.0006    0.0006    0.0000    0.0024    0.0002    100.4050  0.0000    0.0054    99.8606   0.0000    0.0023    

100.5153  0.0000    0.0056    0.0002    0.0000    100.4920  99.8604   0.0000    0.0000    0.0024    0.0002    100.3076  100.4947  0.0002    100.3793  100.4050  0.0000    0.0054    100.0189  99.8575   0.0005    0.0056    0.0002    100.3818  100.3076  100.3993  0.0056    0.0002    100.3993  0.0056    0.0002    100.4947  0.0002    

0.0000    100.3048  0.0000    100.3105  100.3103  100.3818  100.3048  0.0000    0.0000    100.3076  100.4920  99.8575   0.0005    0.0054    100.0248  0.0002    100.3076  100.3994  0.0054    99.8605   0.0000    0.0005    0.0054    99.8517   0.0056    0.0002    100.4029  0.0005    0.0056    0.0002    0.0000    100.3818  100.3048  

0.0000    0.0000    0.0000    100.4009  0.0024    0.0002    100.4029  0.0005    0.0054    100.0248  0.0002    100.4947  0.0002    100.3816  100.3794  100.4919  100.0189  99.8517   0.0056    0.0002    0.0000    0.0000    100.4028  0.0006    0.0005    0.0022    99.8572   0.0006    0.0000    0.0022    99.8606   0.0000    0.0023    

100.5262  0.0006    0.0000    0.0056    0.0002    0.0000    0.0000    100.4920  99.8575   0.0005    0.0056    0.0002    0.0000    100.3816  100.3770  0.0000    100.3794  100.4947  0.0002    100.3794  100.4920  99.8604   0.0000    0.0000    0.0005    0.0054    100.0248  0.0002    100.3816  100.3818  100.3048  0.0000    100.4932  

0.0000    0.0000    100.3816  100.3816  100.3818  100.3048  0.0000    0.0000    100.3993  0.0056    0.0002    100.4947  0.0002    0.0000    0.0000    100.4920  99.8605   0.0000    0.0006    0.0006    0.0005    0.0024    0.0002    100.4029  0.0005    0.0024    0.0002    100.3818  100.3076  100.4947  0.0002    0.0000    100.3048  

100.0096  100.0248  0.0002    0.0000    0.0000    100.3794  100.4919  100.0186  100.0189  99.8575   0.0005    0.0056    0.0002    100.3048  0.0000    100.3793  100.4029  0.0005    0.0054    99.8543   0.0024    0.0002    0.0000    0.0000    100.4947  0.0002    0.0000    0.0000    0.0000    0.0000    0.0000    100.4947  0.0002    

0.0000    100.4919  100.0186  100.0248  0.0002    100.3105  100.3103  100.3818  100.3048  0.0000    100.3105  100.3103  100.3770  0.0000    0.0000    100.4920  99.8606   0.0000    0.0022    99.8572   0.0006    0.0000    0.0022    100.0248  0.0002    100.3816  100.3816  100.3794  100.4919  100.0186  100.0189  99.8544   0.0023    

99.9889   0.0002    100.3818  100.3105  100.3048  0.0000    100.3076  100.4947  0.0002    100.3076  100.4009  0.0024    0.0002    100.3076  100.4048  0.0000    0.0000    0.0005    0.0056    0.0002    100.3994  0.0054    99.8572   0.0006    0.0000    0.0054    100.0186  100.0186  100.0248  0.0002    100.3076  100.4947  0.0002    

99.9889   0.0002    100.4947  0.0002    100.3994  0.0054    100.0248  0.0002    100.3816  100.3770  0.0000    100.3816  100.3770  0.0000    100.3770  0.0000    100.4947  0.0002    100.3105  100.3105  100.3105  100.3105  100.3105  100.3076  100.4947  0.0002    100.4947  0.0002    100.3770  0.0000    100.3816  100.3770  0.0000    

0.0000    100.4049  0.0000    0.0022    100.0186  100.0186  100.0189  99.8604   0.0000    0.0000    0.0005    0.0056    0.0002    100.4947  0.0002    100.3076  100.4947  0.0002    100.3818  100.3048  0.0000    100.3770  0.0000    100.4920  99.8517   0.0056    0.0002    100.4009  0.0024    0.0002    100.3105  100.3076  100.4932  

0.0000    100.3818  100.3076  100.4947  0.0002    100.4920  99.8517   0.0056    0.0002    100.3816  100.3818  100.3103  100.3770  0.0000    100.3818  100.3105  100.3105  100.3048  0.0000    100.4048  0.0000    0.0000    0.0006    0.0000    0.0000    0.0054    99.8545   0.0022    100.0248  0.0002    100.3048  0.0000    100.3770  

100.5429  0.0056    0.0002    0.0000    0.0000    0.0000    0.0000    0.0000    100.3794  100.4947  0.0002    100.4028  0.0006    0.0000    0.0000    0.0056    0.0002    100.3816  100.3816  100.3794  100.4947  0.0002    0.0000    100.4919  100.0189  99.8607   0.0000    0.0054    100.0248  0.0002    100.4947  0.0002    100.4932  

100.0087  99.8543   0.0024    0.0002    100.3048  0.0000    100.3818  100.3076  100.4028  0.0006    0.0005    0.0056    0.0002    100.3993  0.0056    0.0002    0.0000    100.3076  100.4919  100.0248  0.0002    100.3816  100.3770  0.0000    100.3048  0.0000    100.3818  100.3076  100.4919  100.0248  0.0002    100.4919  100.0215  

0.0000    100.3048  0.0000    100.3770  0.0000    100.3105  100.3103  100.3816  100.3793  100.4049  0.0000    0.0022    99.8543   0.0024    0.0002    100.3076  100.4009  0.0024    0.0002    100.3818  100.3048  0.0000    100.3770  0.0000    100.3048  0.0000    100.4947  0.0002    100.3816  100.3818  100.3048  0.0000    100.3048  

100.5350  0.0024    0.0002    0.0000    100.3793  100.4049  0.0000    0.0022    99.8575   0.0005    0.0054    99.8543   0.0024    0.0002    100.3048  0.0000    100.3770  0.0000    100.4049  0.0000    0.0022    100.0186  100.0189  99.8519   0.0054    99.8606   0.0000    0.0022    100.0189  99.8607   0.0000    0.0024    0.0002    

100.5258  0.0006    0.0005    0.0024    0.0002    100.3816  100.3816  100.3770  0.0000    100.4920  99.8517   0.0056    0.0002    100.4920  99.8606   0.0000    0.0022    99.8517   0.0056    0.0002    100.3105  100.3103  100.3816  100.3816  100.3770  0.0000    100.3105  100.3048  0.0000    100.3048  0.0000    100.3993  0.0055    

0.0000    100.4029  0.0005    0.0024    0.0002    100.3048  0.0000    100.3818  100.3105  100.3103  100.3794  100.4947  0.0002    100.3103  100.3770  0.0000    0.0000    100.3048  0.0000    0.0000    100.3818  100.3048  0.0000    100.4027  0.0006    0.0000    0.0022    100.0186  100.0189  99.8574   0.0005    0.0024    0.0002    

100.5262  0.0006    0.0000    0.0022    100.0248  0.0002    100.3076  100.4947  0.0002    100.3076  100.4947  0.0002    100.3103  100.3818  100.3076  100.4947  0.0002    100.4049  0.0000    0.0024    0.0002    100.3103  100.3818  100.3103  100.3818  100.3076  100.4011  0.0022    100.0248  0.0002    100.3816  100.3816  100.3770  

99.9889   0.0002    100.3076  100.4947  0.0002    100.4947  0.0002    100.4011  0.0022    99.8608   0.0000    0.0056    0.0002    0.0000    100.4011  0.0022    99.8604   0.0000    0.0000    0.0005    0.0022    100.0186  100.0248  0.0002    100.3048  0.0000    100.3076  100.4947  0.0002    100.3076  100.4011  0.0022    100.0215  

100.5429  0.0056    0.0002    100.3076  100.4947  0.0002    0.0000    100.3103  100.3818  100.3105  100.3103  100.3794  100.4919  100.0248  0.0002    0.0000    100.3103  100.3794  100.4919  100.0189  99.8543   0.0024    0.0002    100.3793  100.4049  0.0000    0.0022    100.0248  0.0002    100.4920  99.8574   0.0005    0.0023    

100.5429  0.0056    0.0002    100.3770  0.0000    0.0000    0.0000    100.4050  0.0000    0.0054    100.0248  0.0002    100.3076  100.4947  0.0002    0.0000    100.4011  0.0022    100.0248  0.0002    0.0000    100.4009  0.0024    0.0002    100.3105  100.3105  100.3103  100.3818  100.3076  100.4048  0.0000    0.0000    0.0055    

0.0000    0.0000    0.0000    100.4028  0.0006    0.0000    0.0000    0.0054    99.8543   0.0024    0.0002    100.3076  100.4920  99.8545   0.0022    100.0248  0.0002    100.3794  100.4947  0.0002    100.4919  100.0189  99.8575   0.0005    0.0054    100.0248  0.0002    0.0000    100.4920  99.8572   0.0006    0.0000    0.0023    

100.0096  100.0248  0.0002    100.3793  100.4011  0.0022    100.0186  100.0248  0.0002    100.4029  0.0005    0.0054    99.8607   0.0000    0.0054    100.0248  0.0002    100.3103  100.3770  0.0000    100.3770  0.0000    0.0000    100.3794  100.4919  100.0186  100.0189  99.8545   0.0022    99.8543   0.0024    0.0002    100.3048  

100.5262  0.0006    0.0000    0.0024    0.0002    100.3770  0.0000    0.0000    100.3105  100.3076  100.4050  0.0000    0.0054    99.8573   0.0006    0.0006    0.0000    0.0022    100.0189  99.8545   0.0022    100.0248  0.0002    0.0000    100.3076  100.3993  0.0056    0.0002    100.4919  100.0248  0.0002    0.0000    0.0000    

0.0000    0.0000    100.3103  100.3818  100.3103  100.3818  100.3105  100.3103  100.3816  100.3818  100.3048  0.0000    100.3993  0.0056    0.0002    100.3993  0.0056    0.0002    100.3818  100.3076  100.4029  0.0005    0.0022    100.0189  99.8605   0.0000    0.0006    0.0005    0.0022    100.0248  0.0002    100.4010  0.0023    

0.0000    100.3818  100.3048  0.0000    100.3994  0.0054    100.0186  100.0248  0.0002    100.3103  100.3818  100.3076  100.4920  99.8607   0.0000    0.0054    100.0186  100.0248  0.0002    100.3816  100.3818  100.3076  100.4050  0.0000    0.0054    99.8575   0.0005    0.0056    0.0002    100.3076  100.4919  100.0248  0.0002    

0.0000    100.3103  100.3770  0.0000    100.3105  100.3076  100.4947  0.0002    100.3770  0.0000    100.3794  100.4947  0.0002    100.3076  100.4947  0.0002    100.3076  100.4029  0.0005    0.0054    99.8517   0.0056    0.0002    100.3818  100.3048  0.0000    0.0000    0.0000    100.4920  99.8519   0.0054    99.8518   0.0055    

99.9889   0.0002    100.4919  100.0248  0.0002    100.3816  100.3816  100.3816  100.3816  100.3818  100.3105  100.3105  100.3048  0.0000    100.3816  100.3793  100.4009  0.0024    0.0002    100.4919  100.0186  100.0248  0.0002    0.0000    100.4947  0.0002    100.3794  100.4920  99.8545   0.0022    100.0248  0.0002    100.3770  

0.0000    0.0000    100.4011  0.0022    99.8605   0.0000    0.0006    0.0000    0.0006    0.0000    0.0005    0.0054    99.8543   0.0024    0.0002    100.3818  100.3076  100.4029  0.0005    0.0024    0.0002    100.3816  100.3770  0.0000    100.3048  0.0000    100.3076  100.4947  0.0002    100.3105  100.3076  100.3993  0.0055    

0.0000    100.3816  100.3818  100.3103  100.3793  100.3994  0.0054    100.0248  0.0002    0.0000    100.3816  100.3770  0.0000    100.3770  0.0000    100.3048  0.0000    100.3794  100.4919  100.0186  100.0186  100.0189  99.8574   0.0005    0.0022    100.0248  0.0002    100.3105  100.3103  100.3816  100.3816  100.3794  100.4932  

100.5258  0.0006    0.0005    0.0054    99.8517   0.0056    0.0002    100.3105  100.3048  0.0000    0.0000    0.0000    0.0000    0.0000    100.4947  0.0002    100.3818  100.3103  100.3818  100.3076  100.4919  100.0186  100.0186  100.0189  99.8605   0.0000    0.0006    0.0000    0.0022    99.8517   0.0056    0.0002    100.3770  

100.5164  0.0000    0.0000    0.0022    99.8574   0.0005    0.0024    0.0002    100.3076  100.4027  0.0006    0.0000    0.0022    100.0189  99.8607   0.0000    0.0054    99.8607   0.0000    0.0024    0.0002    100.3076  100.4049  0.0000    0.0024    0.0002    100.3793  100.4011  0.0022    100.0186  100.0186  100.0248  0.0002    

100.0096  100.0248  0.0002    0.0000    100.3770  0.0000    100.3105  100.3103  100.3793  100.3993  0.0056    0.0002    100.3816  100.3770  0.0000    100.3794  100.4947  0.0002    100.3770  0.0000    100.4947  0.0002    0.0000    0.0000    0.0000    100.3794  100.4920  99.8519   0.0054    99.8519   0.0054    100.0186  100.0215  

0.0000    0.0000    100.3816  100.3818  100.3076  100.4947  0.0002    100.3818  100.3105  100.3103  100.3794  100.4919  100.0248  0.0002    100.3048  0.0000    100.3105  100.3048  0.0000    100.3818  100.3076  100.4919  100.0189  99.8606   0.0000    0.0022    99.8574   0.0005    0.0024    0.0002    100.4919  100.0248  0.0002    

100.5429  0.0056    0.0002    100.3794  100.4919  100.0248  0.0002    100.3793  100.3994  0.0054    99.8543   0.0024    0.0002    0.0000    0.0000    100.4947  0.0002    0.0000    100.3103  100.3770  0.0000    100.3076  100.4050  0.0000    0.0054    99.8545   0.0022    100.0248  0.0002    100.4920  99.8545   0.0022    100.0215  

0.0000    0.0000    100.3818  100.3076  100.4029  0.0005    0.0054    99.8543   0.0024    0.0002    0.0000    0.0000    100.4947  0.0002    100.3076  100.3993  0.0056    0.0002    0.0000    0.0000    100.3794  100.4919  100.0248  0.0002    100.4947  0.0002    100.3076  100.4028  0.0006    0.0005    0.0054    100.0248  0.0002    

100.5164  0.0000    0.0000    0.0006    0.0000    0.0000    0.0024    0.0002    100.4947  0.0002    100.3048  0.0000    100.3103  100.3818  100.3076  100.4920  99.8545   0.0022    100.0248  0.0002    100.4049  0.0000    0.0022    100.0248  0.0002    100.3048  0.0000    100.3818  100.3105  100.3076  100.4050  0.0000    0.0055    

0.0000    100.3048  0.0000    100.3793  100.3993  0.0056    0.0002    0.0000    100.3818  100.3105  100.3048  0.0000    100.3816  100.3794  100.4919  100.0186  100.0248  0.0002    100.3818  100.3048  0.0000    0.0000    100.3994  0.0054    99.8545   0.0022    100.0248  0.0002    100.3770  0.0000    100.3793  100.4010  0.0023    

0.0000    100.3103  100.3794  100.4919  100.0189  99.8575   0.0005    0.0054    99.8604   0.0000    0.0000    0.0054    100.0248  0.0002    100.3105  100.3105  100.3048  0.0000    0.0000    0.0000    0.0000    0.0000    100.4011  0.0022    99.8543   0.0024    0.0002    100.3793  100.3994  0.0054    100.0248  0.0002    100.4932  

0.0000    0.0000    100.3105  100.3103  100.3793  100.3994  0.0054    99.8607   0.0000    0.0054    99.8543   0.0024    0.0002    100.3105  100.3103  100.3794  100.4947  0.0002    100.3105  100.3076  100.4009  0.0024    0.0002    0.0000    100.3816  100.3793  100.4029  0.0005    0.0024    0.0002    100.3048  0.0000    0.0000    

0.0000    0.0000    100.4050  0.0000    0.0054    100.0186  100.0186  100.0248  0.0002    100.3048  0.0000    100.4947  0.0002    0.0000    100.3793  100.3993  0.0056    0.0002    100.3076  100.4947  0.0002    100.4947  0.0002    0.0000    100.4050  0.0000    0.0056    0.0002    100.3818  100.3048  0.0000    0.0000    0.0000    

0.0000    0.0000    100.3105  100.3076  100.4947  0.0002    100.3818  100.3076  100.4920  99.8574   0.0005    0.0024    0.0002    100.4009  0.0024    0.0002    0.0000    0.0000    0.0000    100.3770  0.0000    100.4011  0.0022    100.0248  0.0002    100.3076  100.3994  0.0054    100.0189  99.8519   0.0054    99.8518   0.0055    

