97.5404   94.9601   0.0000    99.7798   100.4290  87.7066   0.0053    0.0203    0.0418    0.0000    99.7771   99.7785   99.8859   0.0000    0.0000    94.5650   97.0973   92.8937   0.0449    95.9657   94.9587   0.0000    97.9713   90.7826   0.0233    0.0418    0.0000    99.7771   99.7771   99.7790   99.9817   99.6785   0.0000    

98.1808   92.7481   0.0437    0.0000    0.0000    99.8860   0.0000    95.0528   95.9650   94.9601   0.0000    99.7785   99.8860   0.0000    94.5262   0.0000    99.8860   0.0000    99.6785   0.0000    0.0000    99.6786   0.0000    99.7771   99.7764   99.6786   0.0000    100.1871  88.3136   0.0083    0.0254    0.0437    0.0000    

0.0000    99.7785   99.8862   0.0000    92.0378   0.0418    0.0000    99.9838   99.8860   0.0000    99.8859   0.0000    0.0000    100.5266  86.4475   0.0013    0.0093    0.0233    0.0418    0.0000    94.5262   0.0000    100.0528  90.1518   0.0224    0.0437    0.0000    90.3090   0.0239    0.0451    95.8880   95.1112   0.0020    

95.3285   0.0254    0.0437    0.0000    99.9824   99.7790   99.9842   99.9838   99.8860   0.0000    99.6786   0.0000    99.7785   100.0646  89.9836   0.0207    0.0389    0.0311    90.9879   0.0254    0.0438    0.0136    85.6528   0.0000    0.0041    0.0150    0.0353    0.0462    93.1231   0.0463    95.8880   95.1112   0.0020    

96.3354   0.0473    94.9865   97.3103   92.5232   0.0418    0.0000    0.0000    99.8860   0.0000    99.6785   0.0000    0.0000    99.8862   0.0000    92.0378   0.0418    0.0000    99.9842   99.9824   99.7880   94.5244   0.0000    0.0000    0.0000    99.8860   0.0000    99.9824   99.7777   99.8891   92.6722   0.0464    100.1049  

0.0001    92.0480   0.0419    0.0001    84.2794   0.0003    0.0036    0.0141    0.0342    0.0443    92.5245   0.0418    0.0000    99.6786   0.0000    99.9930   94.5244   0.0000    0.0000    99.9929   94.5262   0.0000    99.6786   0.0000    99.9842   99.9842   99.9817   99.6785   0.0000    0.0000    92.1510   0.0428    0.0020    

97.1743   103.8095  76.0905   0.0251    0.0037    0.0005    0.0071    0.0233    0.0418    0.0000    99.9817   99.6786   0.0000    99.9842   99.9842   99.9817   99.6786   0.0000    99.9136   92.2677   0.0437    0.0000    93.9361   0.0370    91.2734   0.0285    0.0473    94.9601   0.0000    99.9838   99.8859   0.0000    99.8099   

0.0000    99.7779   99.9279   92.0365   0.0418    0.0000    0.0000    94.5289   0.0000    92.0365   0.0418    0.0000    0.0000    0.0000    99.8859   0.0000    0.0000    99.7790   99.9848   100.5669  85.9399   0.0006    0.0093    0.0233    0.0418    0.0000    99.6790   0.0000    90.8327   0.0291    0.0465    95.1623   0.0004    

97.0471   0.0000    99.7785   99.8860   0.0000    99.9842   99.9683   95.0528   95.9650   94.9601   0.0000    99.7771   99.7779   99.9278   92.0378   0.0418    0.0000    99.9817   99.6786   0.0000    100.5627  85.9931   0.0006    0.0073    0.0203    0.0418    0.0000    91.3814   0.0351    0.0428    92.6354   0.0428    0.0020    

95.2044   0.0223    0.0437    0.0000    0.0000    99.4181   88.2719   0.0053    0.0203    0.0418    0.0000    99.9929   94.5262   0.0000    100.0393  90.3455   0.0243    0.0453    98.2022   90.9859   0.0254    0.0437    0.0000    99.7794   100.1158  92.2689   0.0437    0.0000    92.2673   0.0437    0.0000    94.5244   0.0000    

0.0000    99.8860   0.0000    99.9842   99.9824   99.7785   99.8859   0.0000    0.0000    99.8943   97.5083   91.5595   0.0315    0.0473    94.9601   0.0000    100.0020  94.3415   0.0217    90.0541   0.0167    0.0375    0.0434    92.7525   0.0437    0.0000    90.4678   0.0254    0.0437    0.0000    0.0000    99.7785   99.8859   

0.0000    0.0000    0.0000    92.0407   0.0418    0.0000    91.0534   0.0315    0.0473    94.9602   0.0000    94.5262   0.0000    99.7771   99.7875   94.5330   97.1808   92.7481   0.0437    0.0000    0.0000    0.0000    90.2865   0.0236    0.0419    0.0260    90.0596   0.0167    0.0338    0.0448    92.6354   0.0428    0.0020    

94.5447   0.0086    0.0223    0.0437    0.0000    0.0000    0.0000    97.8511   90.9848   0.0254    0.0437    0.0000    0.0000    99.7764   99.6786   0.0000    99.7879   94.5262   0.0000    99.7292   100.0469  87.0979   0.0015    0.0123    0.0315    0.0473    94.9601   0.0000    99.7771   99.7785   99.8859   0.0000    99.8099   

0.0000    0.0000    99.7771   99.7771   99.7785   99.8859   0.0000    0.0000    92.2673   0.0437    0.0000    94.5244   0.0000    0.0000    0.0000    101.6367  83.6681   0.0020    0.0014    0.0094    0.0234    0.0418    0.0000    90.2617   0.0233    0.0418    0.0000    99.7790   99.9930   94.5244   0.0000    0.0000    99.8859   

97.5408   94.9583   0.0000    0.0000    0.0000    99.7470   95.3986   95.2618   98.2022   90.9859   0.0254    0.0437    0.0000    99.8860   0.0000    99.9511   91.6688   0.0380    0.0423    92.5232   0.0418    0.0000    0.0000    0.0000    94.5244   0.0000    0.0000    0.0000    0.0000    0.0000    0.0000    94.5244   0.0000    

0.0000    95.0529   95.9650   94.9601   0.0000    99.9842   99.9824   99.7785   99.8860   0.0000    99.9842   99.9817   99.6785   0.0000    0.0000    96.9944   92.4218   0.0408    0.0189    89.3937   0.0116    0.0268    0.0468    94.9601   0.0000    99.7771   99.7769   99.7526   95.2732   95.5103   95.8880   95.1112   0.0020    

97.0471   0.0000    99.7790   99.9838   99.8860   0.0000    99.9929   94.5262   0.0000    100.1298  92.0378   0.0418    0.0000    100.5862  85.6996   0.0003    0.0084    0.0254    0.0437    0.0000    94.4664   0.0149    89.4182   0.0117    0.0270    0.0469    95.4747   95.9650   94.9601   0.0000    99.9930   94.5244   0.0000    

97.0471   0.0000    94.5279   0.0000    92.9443   0.0473    94.9601   0.0000    99.7764   99.6786   0.0000    99.7764   99.6786   0.0000    99.6786   0.0000    94.5262   0.0000    99.9842   99.9842   99.9842   99.9842   99.9843   99.9929   94.5264   0.0000    94.5262   0.0000    99.6786   0.0000    99.7764   99.6785   0.0000    

0.0002    90.3736   0.0246    0.0456    95.6749   95.5412   100.7277  86.2963   0.0003    0.0084    0.0254    0.0437    0.0000    94.5262   0.0000    99.9929   94.5262   0.0000    99.7785   99.8860   0.0000    99.6785   0.0000    96.7996   92.7512   0.0437    0.0000    92.0378   0.0418    0.0000    99.9840   99.9343   99.8099   

0.0000    99.7790   99.9930   94.5247   0.0000    96.8007   92.7493   0.0437    0.0000    99.7771   99.7790   99.9817   99.6786   0.0000    99.7790   99.9842   99.9838   99.8878   0.0001    79.2329   0.0124    0.0004    0.0034    0.0137    0.0336    0.0452    93.2243   0.0468    94.9601   0.0000    99.8860   0.0000    99.6785   

96.0515   0.0437    0.0000    0.0000    0.0000    0.0000    0.0000    0.0000    99.7873   94.5376   0.0001    85.7544   0.0003    0.0065    0.0224    0.0437    0.0000    99.7771   99.7771   99.7880   94.5244   0.0000    0.0000    94.7891   98.0355   91.2734   0.0285    0.0473    94.9603   0.0000    94.5253   0.0000    99.8099   

98.2518   92.5245   0.0418    0.0000    99.8860   0.0000    99.7798   100.3535  88.7199   0.0107    0.0254    0.0437    0.0000    92.2659   0.0437    0.0000    0.0000    99.9463   95.5550   94.9601   0.0000    99.7764   99.6786   0.0000    99.8860   0.0000    99.7788   99.9463   95.5552   94.9597   0.0000    95.1254   100.1049  

0.0000    99.8860   0.0000    99.6786   0.0000    99.9842   99.9824   99.7782   99.9756   91.2896   0.0342    0.0443    92.5246   0.0418    0.0000    100.1298  92.0378   0.0418    0.0000    99.7785   99.8860   0.0000    99.6786   0.0000    99.8860   0.0000    94.5262   0.0000    99.7771   99.7785   99.8860   0.0000    99.8859   

95.9562   0.0418    0.0000    0.0000    99.9697   91.3809   0.0351    0.0427    92.1626   0.0380    0.0423    92.5245   0.0418    0.0000    99.8860   0.0000    99.6790   0.0000    90.4582   0.0254    0.0461    95.3979   96.1338   94.6355   0.0285    90.7156   0.0228    0.0442    98.5074   90.4571   0.0203    0.0418    0.0000    

94.5894   0.0093    0.0233    0.0418    0.0000    99.7771   99.7764   99.6785   0.0000    96.8014   92.7482   0.0437    0.0000    97.4043   91.7335   0.0335    0.0452    92.7493   0.0437    0.0000    99.9842   99.9824   99.7771   99.7764   99.6786   0.0000    99.9838   99.8860   0.0000    99.8860   0.0000    94.7331   0.0004    

0.0002    90.2618   0.0233    0.0418    0.0000    99.8860   0.0000    99.7790   99.9842   99.9824   99.7879   94.5262   0.0000    99.9817   99.6785   0.0000    0.0000    99.8859   0.0000    0.0000    99.7785   99.8866   0.0000    88.7413   0.0109    0.0257    0.0463    95.2917   98.3205   90.7814   0.0233    0.0418    0.0000    

94.7170   0.0116    0.0268    0.0468    94.9601   0.0000    99.9929   94.5262   0.0000    99.9929   94.5262   0.0000    99.9824   99.7790   99.9927   94.5315   0.0000    89.9314   0.0203    0.0418    0.0000    99.9824   99.7790   99.9824   99.7794   100.0874  92.7521   0.0468    94.9601   0.0000    99.7771   99.7764   99.6785   

97.0471   0.0000    99.9929   94.5264   0.0000    94.5268   0.0000    94.0954   0.0319    90.6704   0.0223    0.0437    0.0000    0.0000    94.7823   0.0009    86.4829   0.0005    0.0092    0.0267    0.0449    95.9650   94.9601   0.0000    99.8860   0.0000    99.9929   94.5262   0.0000    100.1042  92.4648   0.0453    100.1049  

96.0521   0.0437    0.0000    99.9930   94.5244   0.0000    0.0000    99.9824   99.7790   99.9842   99.9821   99.7402   95.5559   94.9583   0.0000    0.0000    99.9824   99.7866   94.5530   97.3095   92.5245   0.0418    0.0000    100.0223  90.5925   0.0268    0.0468    94.9586   0.0000    96.7388   92.8546   0.0446    0.0020    

96.0521   0.0437    0.0000    99.6785   0.0000    0.0000    0.0000    90.7619   0.0285    0.0473    94.9601   0.0000    99.9930   94.5244   0.0000    0.0000    92.7527   0.0468    94.9583   0.0000    0.0000    92.0378   0.0418    0.0000    99.9842   99.9842   99.9824   99.7797   100.2574  90.0749   0.0217    0.0432    0.0004    

0.0000    0.0000    0.0000    87.4303   0.0042    0.0150    0.0354    0.0423    92.5245   0.0418    0.0000    99.9087   96.5225   93.2243   0.0468    94.9601   0.0000    99.7879   94.5262   0.0000    94.7402   97.8690   91.5599   0.0315    0.0473    94.9583   0.0000    0.0000    97.9114   90.8835   0.0243    0.0428    0.0020    

97.5404   94.9601   0.0000    99.9046   92.4152   0.0449    95.9636   94.9629   0.0000    91.9292   0.0407    0.0336    91.2734   0.0285    0.0473    94.9601   0.0000    99.9817   99.6786   0.0000    99.6785   0.0000    0.0000    99.7468   95.4029   95.2533   96.4640   94.0214   0.0443    92.5245   0.0418    0.0000    99.8859   

94.4594   0.0073    0.0203    0.0418    0.0000    99.6785   0.0000    0.0000    99.9847   100.1176  92.2394   0.0436    0.0019    86.6925   0.0008    0.0078    0.0211    0.0426    96.9085   93.2249   0.0468    94.9583   0.0000    0.0000    100.1160  92.2667   0.0437    0.0000    95.5559   94.9583   0.0000    0.0000    0.0000    

0.0000    0.0000    99.9824   99.7790   99.9824   99.7790   99.9842   99.9824   99.7771   99.7785   99.8862   0.0000    92.2689   0.0437    0.0000    92.2672   0.0437    0.0000    99.7797   100.2188  90.6453   0.0272    0.0453    100.2026  87.3584   0.0021    0.0138    0.0298    0.0468    94.9601   0.0000    94.6809   0.0020    

0.0000    99.7785   99.8862   0.0000    92.6248   0.0462    95.9650   94.9601   0.0000    99.9824   99.7786   99.9032   97.8453   90.9945   0.0256    0.0462    95.9650   94.9601   0.0000    99.7771   99.7795   100.1483  91.7379   0.0389    0.0311    90.9859   0.0254    0.0437    0.0000    99.9463   95.5559   94.9583   0.0000    

0.0000    99.9817   99.6786   0.0000    99.9843   99.9929   94.5262   0.0000    99.6786   0.0000    99.7879   94.5262   0.0000    99.9929   94.5262   0.0000    100.1559  91.6170   0.0375    0.0434    92.7493   0.0437    0.0000    99.7785   99.8859   0.0000    0.0000    0.0000    96.4504   93.3486   0.0472    95.1623   0.0004    

97.0467   0.0000    95.5550   94.9601   0.0000    99.7771   99.7771   99.7771   99.7771   99.7790   99.9842   99.9838   99.8860   0.0000    99.7779   99.9278   92.0376   0.0418    0.0000    95.0524   95.9659   94.9583   0.0000    0.0000    94.5262   0.0000    99.7018   96.5225   93.2243   0.0468    94.9600   0.0000    99.6785   

0.0000    0.0000    93.3089   1.0161    74.0698   0.0312    0.0062    0.0000    0.0054    0.0172    0.0380    0.0423    92.5245   0.0418    0.0000    99.7797   100.2446  90.2617   0.0233    0.0418    0.0000    99.7764   99.6786   0.0000    99.8860   0.0000    99.9929   94.5262   0.0000    99.9842   99.9830   94.7331   0.0004    

0.0000    99.7771   99.7790   99.9829   99.8731   92.9448   0.0473    94.9583   0.0000    0.0000    99.7764   99.6786   0.0000    99.6786   0.0000    99.8860   0.0000    99.7600   95.1097   95.8452   95.1962   97.9615   91.4007   0.0298    0.0468    94.9601   0.0000    99.9842   99.9824   99.7771   99.7767   99.7280   99.8099   

95.0984   0.0196    0.0375    0.0434    92.7493   0.0437    0.0000    99.9838   99.8859   0.0000    0.0000    0.0000    0.0000    0.0000    94.5262   0.0000    99.7790   99.9824   99.7789   99.9620   95.1920   95.6751   95.5409   99.9921   87.7662   0.0034    0.0164    0.0335    0.0452    92.7493   0.0437    0.0000    99.6785   

94.9936   0.0173    0.0384    0.0330    90.7826   0.0233    0.0418    0.0000    100.3926  88.1900   0.0076    0.0208    0.0423    97.4253   92.3241   0.0398    0.0259    90.4584   0.0203    0.0418    0.0000    100.2673  89.9314   0.0203    0.0418    0.0000    99.8948   92.5776   0.0460    95.4743   95.9659   94.9583   0.0000    

97.5408   94.9583   0.0000    0.0000    99.6786   0.0000    99.9842   99.9831   99.9136   92.2672   0.0437    0.0000    99.7764   99.6786   0.0000    99.7879   94.5262   0.0000    99.6786   0.0000    94.5244   0.0000    0.0000    0.0000    0.0000    99.7176   96.1036   93.9551   0.0452    93.2285   0.0468    95.5455   100.1049  

0.0000    0.0000    99.7771   99.7790   99.9929   94.5262   0.0000    99.7790   99.9842   99.9821   99.7402   95.5550   94.9601   0.0000    99.8860   0.0000    99.9838   99.8860   0.0000    99.7790   99.9883   94.6230   97.5069   92.1833   0.0384    0.0330    90.7822   0.0233    0.0418    0.0000    95.5559   94.9583   0.0000    

96.0521   0.0437    0.0000    99.7402   95.5550   94.9601   0.0000    99.8301   93.7121   0.0423    92.5232   0.0418    0.0000    0.0000    0.0000    94.5244   0.0000    0.0000    99.9817   99.6786   0.0000    100.1802  91.2347   0.0336    0.0452    93.2248   0.0468    94.9586   0.0000    96.6869   92.9429   0.0453    100.1049  

0.0000    0.0000    99.7795   100.1526  91.6688   0.0380    0.0423    92.5232   0.0418    0.0000    0.0000    0.0000    94.5262   0.0000    100.1160  92.2659   0.0437    0.0000    0.0000    0.0000    99.7402   95.5549   94.9602   0.0000    94.5262   0.0000    100.3102  89.3202   0.0150    0.0315    0.0473    94.9583   0.0000    

90.0559   0.0303    0.0058    0.0001    0.0053    0.0203    0.0418    0.0000    94.5262   0.0000    99.8860   0.0000    99.9824   99.7786   99.9087   96.5233   93.2229   0.0468    94.9645   0.0000    90.5920   0.0268    0.0468    94.9601   0.0000    99.8860   0.0000    99.7790   99.9847   100.1207  92.1887   0.0432    0.0004    

0.0000    99.8860   0.0000    99.9137   92.2659   0.0437    0.0000    0.0000    99.7790   99.9838   99.8860   0.0000    99.7770   99.7626   95.0528   95.9650   94.9601   0.0000    99.7785   99.8859   0.0000    0.0000    93.4999   0.0452    93.2243   0.0468    94.9600   0.0000    99.6786   0.0000    99.7803   94.6809   0.0020    

0.0000    99.9824   99.7877   94.5306   97.1872   92.7369   0.0436    0.0124    89.1843   0.0103    0.0285    0.0473    94.9601   0.0000    99.9842   99.9838   99.8859   0.0000    0.0000    0.0000    0.0000    0.0000    93.5664   0.0443    92.5245   0.0418    0.0000    99.8731   92.9446   0.0473    94.9592   0.0000    99.8099   

0.0000    0.0000    99.9842   99.9826   99.8206   93.8881   0.0386    91.9071   0.0354    0.0423    92.5245   0.0418    0.0000    99.9842   99.9824   99.7879   94.5262   0.0000    99.9847   100.1299  92.0365   0.0418    0.0000    0.0000    99.7784   100.0451  90.2618   0.0233    0.0418    0.0000    99.8859   0.0000    0.0000    

0.0000    0.0000    90.6159   0.0270    0.0469    95.4747   95.9650   94.9601   0.0000    99.8860   0.0000    94.5244   0.0000    0.0000    99.9136   92.2672   0.0437    0.0000    99.9929   94.5264   0.0000    94.5244   0.0000    0.0000    90.1486   0.0224    0.0437    0.0000    99.7785   99.8859   0.0000    0.0000    0.0000    

