0.0000    0.0000    100.2741  100.3464  96.3439   0.0000    100.0891  100.1280  99.4373   97.7987   0.0401    0.0470    0.0000    97.1513   0.0470    0.0000    0.0000    0.0000    0.0000    99.6795   0.0000    98.1030   0.0006    96.7341   0.0000    100.2394  97.8050   0.0192    99.5044   98.2753   0.0084    98.3746   0.0004    

98.6819   0.0265    100.2639  96.7347   0.0000    100.1067  99.9949   98.4332   99.7017   97.8829   0.0368    0.0425    0.0461    0.0000    100.3464  96.3431   0.0000    100.3246  99.6798   0.0000    99.8872   0.0000    100.0913  100.0933  99.9736   96.7356   0.0000    99.6797   0.0000    97.4392   0.0427    0.0470    0.0000    

98.3732   0.0470    0.0000    100.0913  100.0929  99.9806   96.7213   0.0000    0.0000    99.9743   96.7340   0.0000    100.2993  100.0833  100.2184  98.1029   0.0006    96.7348   0.0000    100.0274  97.9758   0.0113    98.2758   0.0083    98.3682   0.0071    97.8015   0.0400    0.0461    0.0000    100.2966  100.1270  99.6785   

0.0002    100.1032  100.0499  97.6661   0.0293    0.0048    97.9364   0.0381    0.0375    0.0355    0.0199    99.5734   98.1385   0.0270    99.8743   97.5355   0.0461    0.0000    100.2864  97.1514   0.0470    0.0000    0.0000    97.6039   0.0370    0.0283    0.0071    97.8020   0.0427    0.0470    0.0000    0.0000    99.8859   

0.0001    98.0014   0.0089    98.0143   0.0298    0.0079    98.3206   0.0117    98.3123   0.0049    97.9448   0.0378    0.0320    0.0204    99.6244   98.0371   0.0283    0.0071    97.8014   0.0401    0.0461    0.0000    97.5223   0.0368    0.0425    0.0461    0.0000    100.3464  96.3438   0.0000    100.0983  100.1270  99.6785   

98.5309   0.0426    0.0470    0.0000    99.6785   0.0000    0.0000    96.3432   0.0000    100.2773  100.2952  100.1502  96.3301   0.0000    0.0000    100.1045  99.8859   0.0000    0.0000    100.0983  100.1269  99.6799   0.0000    99.6796   0.0000    97.9362   0.0074    98.2586   0.0174    98.8984   99.4540   98.3746   0.0004    

0.0002    99.8870   0.0000    97.6015   0.0330    0.0309    0.0006    96.7363   0.0000    96.3301   0.0000    0.0000    0.0000    100.1047  100.0257  98.0006   0.0090    98.0227   0.0293    0.0124    98.3931   0.0000    96.7343   0.0000    97.1656   0.0461    0.0000    97.1661   0.0461    0.0000    99.6799   0.0000    99.6785   

98.3735   0.0470    0.0000    96.3430   0.0000    100.3474  96.3301   0.0000    0.0000    97.9967   0.0022    97.5217   0.0470    0.0000    0.0000    97.1568   0.0470    0.0000    99.6797   0.0000    100.2763  100.3114  99.8904   99.9740   96.7347   0.0000    100.1044  99.8873   0.0000    99.6798   0.0000    100.1045  99.8859   

0.0000    0.0000    0.0000    100.1497  96.3369   0.0000    99.9806   96.7213   0.0000    0.0000    99.6785   0.0000    0.0000    0.0000    99.1721   98.3105   0.0051    97.9662   0.0368    0.0326    0.0022    97.5264   0.0470    0.0000    100.2820  100.2184  98.1030   0.0006    96.7342   0.0000    100.2106  98.2145   100.1049  

97.9367   0.0000    99.3724   97.9248   0.0348    0.0334    0.0326    0.0022    97.5273   0.0470    0.0000    96.3301   0.0000    0.0000    96.3301   0.0000    0.0000    100.1490  96.3455   0.0000    96.3439   0.0000    100.0875  97.1565   0.0470    0.0000    100.1008  100.0875  97.1565   0.0470    0.0000    100.1270  99.6785   

0.0002    100.3246  99.6800   0.0000    96.3431   0.0000    100.2983  100.1000  100.1000  100.1008  100.0875  97.1561   0.0470    0.0000    97.4408   0.0426    0.0470    0.0000    100.3034  100.0183  98.1038   0.0005    96.7213   0.0000    0.0000    97.5581   0.0352    0.0385    0.0350    0.0381    0.0334    0.0273    0.0020    

0.0002    99.9301   99.3761   97.9176   0.0352    0.0385    0.0388    0.0398    0.0426    0.0470    0.0000    96.3431   0.0000    100.2783  100.2784  100.2771  100.2980  100.1044  99.8871   0.0000    100.2897  100.0933  99.9740   96.7347   0.0000    100.1008  100.0872  97.1609   0.0462    0.0000    0.0000    100.1045  99.8859   

0.0002    100.0782  100.2996  100.0796  100.2784  100.2768  100.3027  99.8859   0.0000    0.0000    100.2997  100.0783  100.2980  100.1044  99.8871   0.0000    100.3247  99.6785   0.0000    0.0000    0.0000    99.6791   0.0000    99.9769   96.7288   0.0000    99.5774   97.5248   0.0470    0.0000    99.1387   98.3746   0.0004    

98.6021   0.0385    0.0388    0.0399    0.0402    0.0470    0.0000    98.1029   0.0006    96.7347   0.0000    100.0879  97.1513   0.0470    0.0000    0.0000    0.0000    100.1189  99.5763   97.5270   0.0470    0.0000    99.6798   0.0000    100.1044  99.8872   0.0000    99.8904   99.9738   96.7351   0.0000    99.9012   99.8099   

0.0001    98.5000   99.5778   98.1298   0.0215    99.7421   97.8020   0.0427    0.0470    0.0000    0.0000    99.5719   97.5358   0.0461    0.0000    99.8865   0.0000    99.9806   96.7213   0.0000    0.0000    100.1028  100.0568  97.5715   0.0383    0.0383    0.0344    0.0360    0.0229    99.8812   97.5217   0.0470    0.0000    

0.0002    100.1044  99.8871   0.0000    97.4373   0.0401    0.0462    0.0000    0.0000    97.1633   0.0461    0.0000    99.9752   96.7323   0.0000    98.0080   0.0083    97.9442   0.0338    0.0294    0.0130    98.4478   0.0006    96.7347   0.0000    100.1044  99.8870   0.0000    97.5812   0.0380    0.0370    0.0282    0.0004    

100.1193  96.7213   0.0000    0.0000    100.2991  100.0877  97.1542   0.0470    0.0000    99.5763   97.5270   0.0470    0.0000    99.6799   0.0000    99.6785   0.0000    0.0000    0.0000    0.0000    100.0797  100.2769  100.3010  100.0571  97.5679   0.0347    0.0371    0.0286    0.0086    97.9762   0.0364    0.0250    100.1049  

98.3730   0.0470    0.0000    100.2551  97.5848   0.0378    0.0365    0.0309    0.0006    96.7341   0.0000    100.2580  97.5448   0.0358    0.0369    0.0426    0.0470    0.0000    97.6978   0.0324    0.0081    97.9227   0.0387    0.0358    0.0368    0.0426    0.0462    0.0000    0.0000    96.3443   0.0000    99.9012   99.8099   

98.8773   0.0049    97.5267   0.0470    0.0000    99.8871   0.0000    97.4389   0.0400    0.0461    0.0000    99.6798   0.0000    99.8872   0.0000    100.0753  100.3463  96.3447   0.0000    99.6799   0.0000    99.6785   0.0000    0.0000    0.0000    0.0000    100.2520  97.6284   0.0315    0.0178    99.3616   98.5563   100.1049  

97.9325   0.0000    0.0000    97.8090   0.0253    99.6969   97.8924   0.0398    0.0426    0.0461    0.0000    99.4333   97.8065   0.0425    0.0461    0.0000    100.3247  99.6785   0.0000    0.0000    97.6728   0.0288    0.0100    98.1299   0.0215    99.7413   97.8036   0.0426    0.0470    0.0000    99.8866   0.0000    99.8099   

0.0002    97.5557   0.0390    0.0369    0.0401    0.0470    0.0000    96.3301   0.0000    0.0000    97.6033   0.0329    0.0305    100.2646  96.7332   0.0000    97.6015   0.0330    0.0309    0.0006    96.7334   0.0000    97.5293   0.0399    0.0402    0.0470    0.0000    0.0000    99.8859   0.0000    0.0000    0.0000    99.8859   

98.6273   0.0366    0.0318    0.0000    96.7213   0.0000    0.0000    100.3027  99.8859   0.0000    0.0000    99.6785   0.0000    0.0000    99.6797   0.0000    100.2995  100.0815  100.2472  97.6950   0.0325    0.0091    98.0311   0.0336    0.0083    98.3680   0.0071    97.8036   0.0426    0.0470    0.0000    99.8859   0.0000    

0.0000    0.0000    99.5722   97.5350   0.0461    0.0000    97.8028   0.0258    99.7437   97.7987   0.0401    0.0470    0.0000    97.1657   0.0461    0.0000    100.1270  99.6785   0.0000    0.0000    0.0000    97.5298   0.0399    0.0401    0.0470    0.0000    99.6785   0.0000    0.0000    96.3438   0.0000    100.1270  99.6785   

0.0003    96.3433   0.0000    100.1846  98.5921   99.4063   98.4685   100.2703  96.7213   0.0000    0.0000    99.6797   0.0000    100.3015  100.0483  97.6873   0.0279    0.0000    96.7340   0.0000    100.2861  97.1563   0.0470    0.0000    97.1655   0.0461    0.0000    100.2500  97.6560   0.0299    0.0084    98.3746   0.0004    

0.0002    97.1648   0.0461    0.0000    98.1279   100.2635  96.7356   0.0000    99.6798   0.0000    100.0766  100.3247  99.6785   0.0000    0.0000    99.8859   0.0000    0.0000    0.0000    99.4348   97.8036   0.0426    0.0470    0.0000    100.1490  96.3455   0.0000    96.3301   0.0000    0.0000    100.3107  99.9012   99.8099   

98.6819   0.0265    100.2638  96.7348   0.0000    99.8871   0.0000    100.2853  97.1663   0.0461    0.0000    96.3447   0.0000    99.6795   0.0000    98.1038   0.0005    96.7213   0.0000    0.0000    96.3301   0.0000    0.0000    99.8870   0.0000    97.5662   0.0386    0.0353    0.0389    0.0368    0.0426    0.0462    0.0000    

0.0003    96.3447   0.0000    99.6799   0.0000    99.6798   0.0000    99.8873   0.0000    99.6798   0.0000    100.1045  99.8859   0.0000    0.0000    97.1565   0.0470    0.0000    100.0469  97.7072   0.0318    0.0049    97.5310   0.0462    0.0000    0.0000    96.3301   0.0000    0.0000    96.3413   0.0000    98.0276   0.0004    

0.0002    100.1044  99.8872   0.0000    100.0969  100.1492  96.3440   0.0000    99.8872   0.0000    100.0767  100.3246  99.6797   0.0000    97.5313   0.0398    0.0426    0.0470    0.0000    99.8904   99.9743   96.7340   0.0000    100.2773  100.2953  100.1492  96.3438   0.0000    100.1269  99.6795   0.0000    98.2145   100.1049  

0.0000    0.0000    98.0467   0.0000    96.7346   0.0000    100.1269  99.6797   0.0000    100.3026  99.8871   0.0000    97.1565   0.0470    0.0000    100.1269  99.6797   0.0000    100.2773  100.2953  100.1492  96.3427   0.0000    97.4438   0.0425    0.0461    0.0000    97.1664   0.0461    0.0000    96.3301   0.0000    0.0000    

0.0003    96.3439   0.0000    100.0783  100.2983  100.1008  100.0872  97.1609   0.0462    0.0000    0.0000    99.4373   97.7987   0.0401    0.0470    0.0000    100.2223  98.0474   0.0000    96.7213   0.0000    0.0000    99.8872   0.0000    99.9259   99.4373   97.7987   0.0401    0.0470    0.0000    100.2106  98.2145   100.1049  

0.0000    0.0000    99.6797   0.0000    100.2482  97.6808   0.0283    0.0071    97.8017   0.0400    0.0461    0.0000    99.6797   0.0000    100.3247  99.6785   0.0000    0.0000    100.2854  97.1655   0.0461    0.0000    100.2541  97.5990   0.0372    0.0294    0.0055    98.0197   0.0295    0.0060    98.0843   0.0250    100.1049  

0.0002    100.0997  100.1046  100.0274  97.9758   0.0113    98.2758   0.0083    98.3682   0.0071    97.8014   0.0401    0.0461    0.0000    97.5973   0.0332    0.0318    0.0000    96.7340   0.0000    100.2741  100.3462  96.3455   0.0000    96.3431   0.0000    100.2797  100.2560  97.5713   0.0345    0.0365    0.0313    0.0020    

98.6217   0.0371    0.0287    0.0022    97.5310   0.0462    0.0000    0.0000    99.8859   0.0000    0.0000    96.3439   0.0000    100.0782  100.2994  100.0820  100.2404  97.7905   0.0204    99.6244   98.0371   0.0283    0.0071    97.8036   0.0426    0.0470    0.0000    100.1492  96.3434   0.0000    97.1609   0.0462    0.0000    

98.6943   0.0306    100.2665  96.7292   0.0000    99.3714   97.9267   0.0385    0.0352    0.0384    0.0349    0.0336    0.0285    0.0081    97.9188   0.0351    0.0345    0.0365    0.0309    0.0006    96.7341   0.0000    100.2478  97.6873   0.0279    0.0000    96.7348   0.0000    100.0314  97.9207   0.0088    98.4261   0.0020    

0.0002    100.2563  97.5674   0.0385    0.0388    0.0399    0.0401    0.0470    0.0000    96.3430   0.0000    100.3474  96.3301   0.0000    0.0000    96.3438   0.0000    100.0997  100.1044  99.8871   0.0000    100.3246  99.6799   0.0000    99.6797   0.0000    100.2778  100.2860  97.1565   0.0470    0.0000    99.8859   0.0000    

97.9388   0.0000    97.6364   0.0355    0.0202    99.6116   98.0626   0.0266    100.2703  96.7213   0.0000    0.0000    100.1111  99.9261   99.4348   97.8035   0.0426    0.0470    0.0000    100.3026  100.0312  97.9240   0.0085    98.3909   0.0049    97.5310   0.0462    0.0000    0.0000    100.0752  100.3474  96.3301   0.0000    

98.8479   0.0095    98.0848   0.0305    100.2638  96.7348   0.0000    99.8872   0.0000    100.0999  100.1014  100.0784  100.2966  100.1270  99.6785   0.0000    0.0000    96.3438   0.0000    100.1044  99.8871   0.0000    100.2966  100.1269  99.6798   0.0000    100.1000  100.1000  100.0997  100.1045  99.8859   0.0000    0.0000    

98.9241   100.2703  96.7213   0.0000    0.0000    100.0668  97.4359   0.0401    0.0470    0.0000    100.0868  97.1658   0.0461    0.0000    100.0781  100.3011  100.0552  97.5935   0.0334    0.0326    0.0023    97.5356   0.0461    0.0000    97.1658   0.0461    0.0000    100.0796  100.2783  100.2776  100.2891  100.1038  99.8099   

0.0000    0.0000    99.6797   0.0000    100.2778  100.2864  97.1514   0.0470    0.0000    0.0000    99.8859   0.0000    0.0000    100.0886  100.1346  99.3377   97.9918   0.0356    0.0270    99.8784   97.5273   0.0470    0.0000    96.3413   0.0000    98.0445   0.0049    97.5310   0.0462    0.0000    0.0000    99.6785   0.0000    

0.0002    100.3464  96.3427   0.0000    97.4373   0.0401    0.0462    0.0000    0.0000    100.1001  100.0983  100.1269  99.6798   0.0000    100.0782  100.2998  100.0752  100.3474  96.3301   0.0000    0.0000    99.3706   97.9282   0.0347    0.0369    0.0279    0.0049    97.5260   0.0470    0.0000    97.7527   0.0291    100.1049  

0.0002    100.0563  97.5785   0.0381    0.0333    0.0270    0.0006    96.7363   0.0000    96.3378   0.0000    99.5790   97.5217   0.0470    0.0000    0.0000    96.3381   0.0000    99.4359   97.8015   0.0400    0.0461    0.0000    100.2857  97.1609   0.0462    0.0000    0.0000    99.8859   0.0000    0.0000    0.0000    0.0000    

97.9393   0.0000    100.2980  100.1053  100.0168  98.1242   100.2703  96.7213   0.0000    0.0000    100.2836  100.1927  98.4732   99.6276   98.0308   0.0287    0.0022    97.5340   0.0461    0.0000    99.1290   98.3930   0.0000    96.7356   0.0000    99.6785   0.0000    0.0000    0.0000    100.2431  97.7527   0.0291    100.1049  

98.3781   0.0461    0.0000    100.2952  100.1502  96.3301   0.0000    0.0000    100.1270  99.6785   0.0000    0.0000    100.3050  99.9927   98.4642   99.6442   97.9977   0.0353    0.0192    99.5016   98.2808   0.0078    98.3137   0.0048    97.9276   0.0385    0.0350    0.0380    0.0372    0.0295    0.0140    98.5563   100.1049  

0.0000    0.0000    0.0000    100.2817  100.2225  98.0448   0.0049    97.5267   0.0470    0.0000    100.0767  100.3246  99.6796   0.0000    98.0474   0.0000    96.7213   0.0000    0.0000    100.3474  96.3301   0.0000    0.0000    99.8859   0.0000    0.0000    0.0000    100.2771  100.2980  100.1051  100.0199  98.0806   0.0020    

0.0002    100.2983  100.1001  100.0983  100.1269  99.6799   0.0000    99.6798   0.0000    100.1269  99.6798   0.0000    100.0983  100.1269  99.6798   0.0000    100.2259  97.9957   0.0023    97.5360   0.0461    0.0000    99.6799   0.0000    99.8905   99.9732   96.7363   0.0000    96.3447   0.0000    99.6792   0.0000    99.8099   

97.9325   0.0000    0.0000    98.1279   100.2635  96.7356   0.0000    99.6785   0.0000    0.0000    0.0000    100.2983  100.1000  100.1000  100.1000  100.1008  100.0875  97.1562   0.0470    0.0000    100.3026  99.8873   0.0000    99.6795   0.0000    98.5050   99.5686   98.1481   0.0200    99.5892   98.1071   0.0291    100.1049  

97.9393   0.0000    100.2590  97.5307   0.0399    0.0400    0.0461    0.0000    100.0969  100.1492  96.3430   0.0000    100.3474  96.3301   0.0000    0.0000    0.0000    99.8859   0.0000    0.0000    97.1655   0.0461    0.0000    100.3246  99.6798   0.0000    100.0999  100.1013  100.0796  100.2784  100.2768  100.3027  99.8859   

98.6763   0.0324    0.0080    97.9152   0.0353    0.0352    0.0346    0.0367    0.0270    0.0006    96.7347   0.0000    100.0797  100.2755  100.3246  99.6796   0.0000    98.0129   0.0078    97.8911   0.0399    0.0400    0.0461    0.0000    99.8873   0.0000    96.3438   0.0000    100.1044  99.8872   0.0000    99.8859   0.0000    

0.0002    97.9311   0.0079    98.3141   0.0047    97.9225   0.0349    0.0378    0.0321    0.0270    99.8787   97.5267   0.0470    0.0000    100.0767  100.3246  99.6798   0.0000    100.0791  100.2855  97.1639   0.0461    0.0000    99.2342   98.1915   0.0231    99.4648   98.3533   0.0085    97.9686   0.0367    0.0321    0.0004    

97.9325   0.0000    0.0000    100.3026  99.8871   0.0000    100.3026  99.8870   0.0000    97.6635   0.0294    0.0057    98.0547   0.0323    0.0077    97.8816   0.0369    0.0427    0.0470    0.0000    0.0000    100.1044  99.8871   0.0000    100.3246  99.6797   0.0000    97.5223   0.0368    0.0425    0.0461    0.0000    99.8859   

