100.0127  99.9271   0.0000    99.7795   99.9084   99.6966   0.0032    0.0031    0.0022    0.0000    99.7779   99.7795   99.9079   0.0000    0.0000    99.9536   100.5211  100.0250  0.0007    100.2446  100.4628  0.0000    99.9505   100.0348  0.0004    0.0042    0.0000    99.7774   99.7016   99.7798   99.9829   99.7283   99.7970   0.0029    0.0012    0.0042    0.0000    99.7796   99.9343   99.7380   0.0004    0.0017    0.0000    99.7794   99.8965   0.0000    99.9475   99.9262   0.0000    

99.9806   100.0166  0.0017    0.0000    0.0000    99.8859   0.0000    99.9523   100.1226  99.9271   0.0000    99.7794   99.8965   0.0000    99.6265   0.0000    99.8965   0.0000    99.6785   0.0000    0.0000    99.6786   0.0000    99.7774   99.7009   99.6786   0.0000    99.7283   99.7969   0.0029    0.0009    0.0017    0.0000    99.7776   99.7271   99.6257   0.0000    99.7779   99.7796   99.9346   99.7836   0.0000    0.0000    99.9847   99.8965   0.0000    99.9334   99.6255   0.0000    

0.0000    99.7794   99.8859   0.0000    99.7944   0.0042    0.0000    99.9847   99.8965   0.0000    99.8859   0.0000    0.0000    99.9343   99.7357   0.0005    0.0018    0.0012    0.0042    0.0000    100.1888  0.0000    99.7280   99.7517   0.0000    0.0017    0.0000    99.7024   0.0027    0.0008    99.9271   0.0000    99.6900   99.7772   99.6785   0.0000    0.0000    99.9501   100.0166  0.0017    0.0000    99.7292   99.9514   100.0720  0.0016    99.9988   0.0029    0.0007    100.1049  

99.9939   0.0009    0.0017    0.0000    99.8971   99.7799   99.9851   99.9847   99.8965   0.0000    99.6786   0.0000    99.7016   99.7279   99.7335   0.0007    0.0002    0.0000    100.0309  0.0007    0.0002    0.0000    100.0330  0.0005    0.0018    0.0028    0.0009    0.0007    100.4925  0.0000    100.2416  100.0536  0.0002    0.0007    0.0000    100.2423  100.0922  0.0030    0.0017    0.0000    99.8965   0.0000    99.9334   99.6257   0.0000    99.9355   99.9506   100.0363  0.0004    

100.2749  0.0000    100.2444  100.2411  100.0332  0.0042    0.0000    0.0000    99.8965   0.0000    99.6785   0.0000    0.0000    99.8859   0.0000    99.7076   0.0022    0.0000    99.9851   99.9826   99.6894   99.6255   0.0000    0.0000    0.0000    99.8860   0.0000    99.9827   99.7009   99.7280   99.7529   0.0000    100.0209  0.0000    0.0000    0.0000    0.0000    99.7292   99.9514   100.0734  0.0019    0.0008    0.0007    0.0000    100.4791  0.0017    0.0000    99.7107   0.0020    

0.0000    99.6871   0.0042    0.0000    99.9579   0.0029    0.0011    0.0032    0.0027    0.0007    99.9858   0.0042    0.0000    99.6786   0.0000    99.9363   100.1763  0.0000    0.0000    99.9342   99.7242   0.0000    99.6786   0.0000    99.8972   99.9851   99.9825   99.6785   0.0000    0.0000    0.0000    99.7774   99.7016   99.7279   99.7283   0.0010    0.0021    0.0029    0.0009    0.0017    0.0000    0.0000    99.7796   99.9364   100.2319  100.2444  100.2444  100.2426  100.1049  

100.3332  100.2403  99.9988   0.0029    0.0007    0.0011    0.0029    0.0011    0.0029    0.0000    99.9825   99.6785   0.0000    99.9851   99.9851   99.9827   99.7010   0.0000    99.7282   99.7721   0.0010    0.0000    99.7272   0.0007    100.0918  0.0026    0.0000    99.9263   0.0000    99.9846   99.8859   0.0000    0.0000    0.0000    0.0000    99.9515   100.0772  99.9271   0.0000    99.6785   0.0000    0.0000    0.0000    0.0000    99.9085   99.9342   99.7285   0.0010    0.0020    

0.0000    99.7776   99.7277   99.6998   0.0029    0.0000    0.0000    99.6256   0.0000    99.6870   0.0042    0.0000    0.0000    0.0000    99.8859   0.0000    0.0000    99.7799   99.9849   99.9358   100.0160  0.0028    0.0008    0.0007    0.0000    0.0000    99.6785   0.0000    100.2529  0.0009    0.0007    100.0683  0.0010    0.0000    99.6785   0.0000    99.7852   0.0000    99.9851   99.9847   99.8967   99.9342   99.7188   0.0017    0.0000    99.9829   99.7277   99.7107   0.0020    

99.9410   0.0000    99.7794   99.8859   0.0000    99.9849   99.9355   99.9523   100.1224  99.9271   0.0000    99.7773   99.6895   99.7276   99.6870   0.0042    0.0000    99.9825   99.6786   0.0000    99.9085   99.7309   0.0008    0.0007    0.0000    0.0042    0.0000    99.7571   0.0002    0.0000    99.9963   0.0031    0.0022    0.0000    99.9832   99.7773   99.6893   0.0000    99.6265   0.0000    99.6894   99.9476   99.9272   0.0000    99.9078   99.7331   0.0007    0.0000    100.1049  

99.9902   0.0030    0.0017    0.0000    0.0000    99.9497   100.0018  0.0026    0.0000    0.0042    0.0000    99.9363   100.1888  0.0000    99.7280   99.7524   0.0000    0.0000    100.2411  100.0352  0.0004    0.0017    0.0000    99.7795   99.9080   99.7188   0.0017    0.0000    100.1922  0.0017    0.0000    99.9502   100.0213  0.0000    0.0000    0.0000    99.7009   0.0000    0.0000    99.7548   0.0000    0.0011    0.0028    0.0008    0.0003    99.9272   0.0000    99.9825   99.6785   

0.0000    99.8860   0.0000    99.9847   99.8972   99.7794   99.8859   0.0000    0.0000    99.9355   99.9504   100.0300  0.0007    0.0000    99.9272   0.0000    99.9080   99.7530   0.0000    100.0536  0.0002    0.0007    0.0000    100.0723  0.0016    0.0000    99.7313   0.0008    0.0005    0.0000    0.0000    99.7794   99.8967   99.8860   0.0000    99.6785   0.0000    0.0000    99.7188   0.0017    0.0000    0.0000    99.9832   99.7794   99.8970   99.7779   99.7779   99.7794   99.8859   

0.0000    0.0000    0.0000    99.7556   0.0001    0.0000    99.7313   0.0008    0.0005    99.9267   0.0000    99.6257   0.0000    99.7776   99.7292   99.9515   100.0778  100.0166  0.0017    0.0000    0.0000    0.0000    99.7357   0.0005    0.0018    0.0007    100.0309  0.0007    0.0002    0.0007    100.0022  0.0026    0.0001    99.9262   0.0000    0.0000    99.7436   0.0007    99.9858   0.0042    0.0000    99.9832   99.7776   99.7300   100.1800  0.0000    0.0000    99.9348   99.8099   

99.9938   0.0011    0.0030    0.0017    0.0000    0.0000    0.0000    99.9518   100.0955  0.0009    0.0017    0.0000    0.0000    99.7772   99.6786   0.0000    99.7011   99.6265   0.0000    99.7301   100.2764  99.9955   0.0032    0.0028    0.0007    0.0000    99.9271   0.0000    99.6900   99.7794   99.8859   0.0000    0.0000    0.0000    99.7779   99.7774   99.7010   0.0000    0.0000    99.7770   0.0018    0.0026    0.0000    100.0733  0.0018    0.0007    0.0000    100.2426  100.1049  

0.0000    0.0000    99.7779   99.7774   99.7009   99.8859   0.0000    0.0000    99.7416   0.0017    0.0000    99.6257   0.0000    0.0000    0.0000    99.9543   100.3050  0.0028    0.0008    0.0006    0.0011    0.0042    0.0000    99.7375   0.0004    0.0042    0.0000    99.7794   99.8966   99.6255   0.0000    0.0000    99.9084   0.0000    99.7315   0.0008    0.0004    0.0017    0.0000    99.7773   99.6894   99.6255   0.0000    0.0000    99.6895   99.6785   0.0000    0.0000    99.8859   

99.9800   99.9262   0.0000    0.0000    0.0000    99.7292   99.9539   100.2421  100.0782  100.0269  0.0009    0.0017    0.0000    99.8860   0.0000    99.7301   100.2533  0.0007    0.0000    100.0469  0.0000    0.0000    0.0000    0.0000    99.7231   0.0000    0.0000    0.0000    0.0000    0.0000    0.0000    99.6256   0.0000    99.9334   99.6255   0.0000    0.0000    99.7292   99.9503   100.0274  0.0009    0.0000    0.0000    0.0000    99.8965   0.0000    99.7772   99.6785   0.0000    

0.0000    99.9539   100.2382  99.9263   0.0000    99.9851   99.9832   99.7794   99.8971   0.0000    99.9851   99.9827   99.7010   0.0000    0.0000    99.9535   100.5295  0.0029    0.0007    100.0349  0.0004    0.0029    0.0008    99.9264   0.0000    99.7779   99.7776   99.7301   100.2404  100.2444  100.2415  100.0522  0.0001    0.0000    99.7335   0.0007    0.0002    0.0026    0.0000    100.0554  0.0001    0.0009    0.0010    0.0024    0.0010    0.0000    0.0000    99.7284   99.8099   

99.9829   0.0000    99.7799   99.9847   99.8965   0.0000    99.9334   99.6256   0.0000    99.9339   99.6870   0.0042    0.0000    99.9340   99.7041   0.0025    0.0002    0.0009    0.0017    0.0000    100.2548  0.0000    100.0305  0.0007    0.0001    0.0000    100.2444  100.2446  100.4608  0.0000    99.9355   99.9507   100.0407  0.0007    100.0166  0.0017    0.0000    99.9539   100.2444  100.2445  100.4776  0.0017    0.0000    0.0000    99.7819   100.0167  0.0017    0.0000    99.6785   

100.2594  0.0000    99.6260   0.0000    99.7482   0.0000    99.9271   0.0000    99.6900   99.6786   0.0000    99.7774   99.7007   0.0000    99.6785   0.0000    99.7854   0.0000    99.9851   99.9847   99.9085   99.9851   99.9849   99.9342   99.7236   0.0000    99.6265   0.0000    99.6893   0.0000    99.7772   99.6785   0.0000    99.7279   99.7271   0.0007    100.0405  0.0008    99.9272   0.0000    99.8965   0.0000    0.0000    99.6256   0.0000    99.9475   99.9262   0.0000    0.0000    

0.0000    99.7004   0.0029    0.0007    100.5134  100.2444  100.2405  100.0073  0.0021    0.0029    0.0009    0.0017    0.0000    99.6265   0.0000    99.9342   99.7244   0.0000    99.7794   99.8859   0.0000    99.6785   0.0000    99.9539   100.4869  0.0017    0.0000    99.7502   0.0000    0.0000    99.9849   99.9342   99.7243   0.0000    99.6786   0.0000    99.9080   99.7533   0.0000    100.2436  100.5590  100.2403  100.0021  0.0026    0.0000    0.0032    0.0029    0.0010    0.0020    

0.0000    99.7796   99.9334   99.6256   0.0000    99.9501   100.0166  0.0017    0.0000    99.7779   99.7798   99.9826   99.6899   0.0000    99.7799   99.9847   99.9080   99.8859   0.0000    99.7343   0.0004    0.0029    0.0010    0.0026    0.0000    0.0000    100.0246  0.0007    100.0220  0.0000    99.8860   0.0000    99.7016   99.7776   99.7277   99.7072   0.0023    99.9272   0.0000    99.8859   0.0000    99.7799   99.9851   99.9826   99.6899   0.0000    99.9832   99.7794   99.8859   

99.9527   0.0017    0.0000    0.0000    0.0000    0.0000    0.0000    0.0000    99.7008   99.6260   0.0000    99.7377   0.0004    0.0032    0.0030    0.0017    0.0000    99.7779   99.7776   99.7300   100.1879  0.0000    0.0000    99.9537   100.5101  100.0019  0.0026    0.0000    100.0209  0.0000    99.6255   0.0000    0.0000    99.6255   0.0000    0.0000    0.0000    99.6265   0.0000    99.9847   99.8971   99.9832   99.7798   99.9827   99.7009   99.7303   0.0009    0.0007    100.1049  

99.9808   99.9859   0.0042    0.0000    99.9077   0.0000    99.7796   99.9347   99.8013   0.0008    0.0009    0.0017    0.0000    99.7187   0.0017    0.0000    0.0000    99.9355   99.9475   99.9263   0.0000    99.7772   99.6786   0.0000    99.9077   0.0000    99.7796   99.9346   99.7809   99.9267   0.0000    99.6256   0.0000    99.6786   0.0000    99.9847   99.9085   99.7798   99.9829   99.7278   99.7232   0.0000    0.0000    99.6257   0.0000    0.0000    0.0000    99.7107   0.0020    

0.0000    99.8860   0.0000    99.6785   0.0000    99.9851   99.9832   99.7774   99.7011   99.7004   0.0029    0.0007    100.4734  0.0042    0.0000    99.9347   99.7943   0.0042    0.0000    99.7794   99.8965   0.0000    99.6786   0.0000    99.8965   0.0000    99.6265   0.0000    99.6900   99.7794   99.8860   0.0000    99.8965   0.0000    99.7772   99.6785   0.0000    99.9851   99.9846   99.8859   0.0000    99.9849   99.9341   99.7072   0.0023    100.0166  0.0017    0.0000    0.0000    

99.9490   0.0042    0.0000    0.0000    99.7011   99.7004   0.0029    0.0007    100.5322  0.0007    0.0000    99.9984   0.0029    0.0000    99.8860   0.0000    99.7015   0.0000    99.7040   0.0025    0.0001    100.2444  100.2420  100.0725  0.0017    99.9988   0.0029    0.0007    100.5125  99.9988   0.0029    0.0007    100.0777  100.0166  0.0017    0.0000    0.0000    99.8859   0.0000    99.9540   100.4769  0.0007    100.0246  0.0007    100.0206  0.0000    0.0000    0.0000    0.0000    

99.9940   0.0009    0.0012    0.0042    0.0000    99.7779   99.7772   99.6785   0.0000    99.9501   100.0166  0.0017    0.0000    99.9496   99.9963   0.0031    0.0022    100.0167  0.0017    0.0000    99.8971   99.9832   99.7779   99.7773   99.6893   0.0000    99.9846   99.8859   0.0000    99.8859   0.0000    99.7588   0.0001    0.0011    0.0031    0.0024    0.0011    0.0000    99.7776   99.7301   100.2490  0.0029    0.0007    100.0683  0.0010    0.0000    0.0000    99.7107   0.0020    

0.0000    99.7258   0.0012    0.0042    0.0000    99.8860   0.0000    99.7794   99.8972   99.9829   99.7271   99.6256   0.0000    99.9825   99.6785   0.0000    0.0000    99.8859   0.0000    0.0000    99.7012   99.8859   0.0000    99.7770   0.0018    0.0029    0.0007    100.2421  100.0780  100.0234  0.0012    0.0042    0.0000    0.0000    0.0000    99.6785   0.0000    99.9832   99.7779   99.7794   99.8967   99.7271   99.6255   0.0000    0.0000    0.0000    99.7271   99.6255   0.0000    

100.3126  0.0011    0.0029    0.0007    100.0214  0.0000    99.9334   99.6256   0.0000    99.9335   99.6265   0.0000    99.8972   99.7796   99.9334   99.6256   0.0000    99.6952   0.0034    0.0042    0.0000    99.9832   99.7798   99.9827   99.7012   99.9342   99.7273   0.0007    100.5563  99.9959   0.0032    0.0025    0.0003    100.0278  0.0009    0.0011    0.0029    0.0000    99.8860   0.0000    99.6899   99.9832   99.7799   99.9847   99.8972   99.9832   99.7794   99.8859   0.0000    

99.9407   0.0000    99.9334   99.6257   0.0000    99.6260   0.0000    99.7073   0.0022    99.9977   0.0030    0.0017    0.0000    0.0000    99.7274   0.0007    100.2540  0.0032    0.0029    0.0010    0.0022    100.2383  99.9272   0.0000    99.8965   0.0000    99.9334   99.6256   0.0000    99.9339   99.6870   0.0042    0.0000    0.0000    99.9846   99.8859   0.0000    99.6265   0.0000    99.7795   99.9079   0.0000    99.6260   0.0000    100.1911  0.0042    0.0000    99.9348   99.8099   

100.2726  0.0017    0.0000    99.9346   99.7836   0.0000    0.0000    99.9827   99.7016   99.9851   99.9829   99.7282   99.7815   99.9262   0.0000    0.0000    99.9081   99.7292   99.9539   100.2445  100.4735  0.0042    0.0000    99.7283   99.7959   0.0029    0.0008    99.9264   0.0000    99.9504   100.0280  0.0008    0.0006    0.0032    0.0028    0.0008    0.0004    0.0008    0.0009    0.0017    0.0000    0.0000    99.9334   99.6257   0.0000    99.9829   99.7292   99.9520   100.1049  

99.9532   0.0017    0.0000    99.6785   0.0000    0.0000    0.0000    99.7031   0.0026    0.0000    99.9272   0.0000    99.9077   99.6255   0.0000    0.0000    99.7429   0.0008    99.9262   0.0000    0.0000    99.6871   0.0042    0.0000    99.8971   99.9851   99.9832   99.7795   99.9084   99.6977   0.0031    0.0023    0.0015    100.0497  0.0000    100.0273  0.0009    0.0000    0.0000    0.0000    0.0000    99.9497   100.0018  0.0026    0.0000    0.0007    100.2412  100.0363  0.0004    

0.0000    0.0000    0.0000    99.7771   0.0018    0.0032    0.0026    0.0000    100.4729  0.0042    0.0000    99.9346   99.7819   100.0243  0.0008    99.9264   0.0000    99.7271   99.6260   0.0000    100.2767  100.2411  100.0329  0.0005    0.0017    99.9262   0.0000    0.0000    100.2777  100.0252  0.0010    0.0026    0.0000    0.0017    0.0000    99.9364   100.2290  100.0305  0.0007    0.0000    100.0333  0.0042    0.0000    0.0000    99.7009   99.6265   0.0000    99.9348   99.8099   

100.2967  99.9271   0.0000    99.7280   99.7432   0.0007    100.2382  99.9264   0.0000    99.7331   0.0007    0.0000    100.0918  0.0026    0.0000    99.9263   0.0000    99.9825   99.6786   0.0000    99.7010   0.0000    0.0000    99.7301   100.2404  100.2444  100.2415  100.0516  0.0001    100.0246  0.0007    100.0294  0.0007    0.0008    99.9262   0.0000    0.0000    99.7294   0.0009    0.0017    0.0000    0.0000    0.0000    99.8859   0.0000    99.9849   99.9334   99.6255   0.0000    

99.9936   0.0011    0.0034    0.0042    0.0000    99.6785   0.0000    0.0000    99.9085   99.9341   99.7069   0.0023    0.0022    100.0284  0.0008    0.0007    0.0000    0.0007    100.2404  100.0054  0.0023    99.9262   0.0000    0.0000    99.9080   99.7188   0.0017    0.0000    100.2305  99.9262   0.0000    0.0000    99.7996   0.0012    0.0042    0.0000    0.0000    0.0000    99.7799   99.9847   99.9079   99.7279   99.7272   0.0007    100.0910  0.0030    0.0017    0.0000    0.0000    

0.0000    0.0000    99.9832   99.7794   99.8971   99.7799   99.9851   99.9827   99.7016   99.7794   99.8859   0.0000    100.2045  0.0017    0.0000    99.7728   0.0011    0.0000    99.7796   99.9364   100.2534  0.0009    0.0007    100.2449  100.3096  0.0028    0.0008    0.0007    0.0001    99.9267   0.0000    99.7565   0.0002    0.0030    0.0017    0.0000    99.7823   100.2383  99.9272   0.0000    99.8965   0.0000    0.0000    99.8859   0.0000    99.9829   99.7292   99.9520   100.1049  

0.0000    99.7794   99.8859   0.0000    99.7480   0.0000    100.2382  99.9264   0.0000    99.9832   99.7796   99.9364   100.2327  100.0020  0.0026    0.0000    100.1226  99.9271   0.0000    99.7774   99.7016   99.9340   99.7015   0.0028    0.0005    100.0269  0.0009    0.0017    0.0000    99.9355   99.9539   100.2446  100.4714  0.0000    99.7292   99.9541   100.4682  0.0000    99.7533   0.0000    100.2537  0.0033    0.0032    0.0031    0.0022    100.2407  100.0166  0.0017    0.0000    

0.0000    99.9825   99.6786   0.0000    99.8967   99.9335   99.6265   0.0000    99.6893   0.0000    99.7271   99.6256   0.0000    99.9335   99.6265   0.0000    99.9078   99.7331   0.0007    0.0000    100.0945  0.0017    0.0000    99.7795   99.9076   0.0000    0.0000    0.0000    99.7821   100.0167  0.0017    0.0000    99.8971   99.7779   99.7779   99.7794   99.8967   99.9335   99.6265   0.0000    99.6893   0.0000    99.8860   0.0000    99.7009   99.6260   0.0000    99.7391   0.0004    

99.9402   0.0000    99.9475   99.9263   0.0000    99.7779   99.7779   99.7773   99.6899   99.7799   99.9851   99.9847   99.9079   0.0000    99.7776   99.7300   100.1988  0.0042    0.0000    99.9536   100.5205  99.9262   0.0000    0.0000    100.1884  0.0000    99.7292   99.9540   100.4794  0.0007    100.2404  100.0054  0.0023    100.0166  0.0017    0.0000    0.0000    99.8860   0.0000    99.9363   100.1894  0.0042    0.0000    0.0000    99.7811   99.9262   0.0000    0.0000    99.6785   

0.0000    0.0000    99.7275   0.0007    100.3105  0.0029    0.0010    0.0023    0.0018    0.0028    0.0007    0.0000    100.0898  0.0042    0.0000    99.7794   99.8966   99.7258   0.0012    0.0042    0.0000    99.7772   99.6786   0.0000    99.8965   0.0000    99.9334   99.6256   0.0000    99.9846   99.8860   0.0000    99.9077   0.0000    99.9505   100.0350  0.0004    0.0032    0.0030    0.0017    0.0000    99.9849   99.9346   99.7771   0.0018    0.0028    0.0009    0.0007    100.1049  

0.0000    99.7779   99.7798   99.9826   99.6894   99.7527   0.0000    99.9263   0.0000    0.0000    99.7772   99.6785   0.0000    99.6786   0.0000    99.8859   0.0000    99.7292   99.9539   100.2437  100.5576  100.2409  100.0262  0.0010    0.0018    99.9272   0.0000    99.9847   99.8972   99.7779   99.7772   99.6785   0.0000    99.7776   99.7279   99.7300   0.0009    0.0000    99.7794   99.8859   0.0000    99.6786   0.0000    99.9827   99.7015   99.6971   0.0032    0.0027    0.0004    

100.3141  0.0008    0.0007    0.0000    100.0944  0.0017    0.0000    99.9847   99.8965   0.0000    0.0000    0.0000    0.0000    0.0000    99.6265   0.0000    99.7016   99.9832   99.7796   99.9364   100.2368  100.2444  100.2444  100.2445  100.2539  0.0029    0.0011    0.0031    0.0022    100.0167  0.0017    0.0000    99.6894   99.6260   0.0000    99.6257   0.0000    99.7271   0.0007    100.0521  0.0001    0.0000    99.7007   0.0028    0.0009    0.0000    99.8860   0.0000    99.6785   

100.3109  0.0032    0.0029    0.0007    100.0961  0.0012    0.0042    0.0000    99.9084   99.7278   0.0010    0.0025    0.0003    100.2403  99.9999   0.0028    0.0005    99.9937   0.0034    0.0042    0.0000    99.9340   99.7034   0.0026    0.0000    0.0000    99.7281   99.7549   0.0001    100.2444  100.2444  100.2414  100.0451  0.0000    100.0166  0.0017    0.0000    99.7798   99.9832   99.7773   99.6895   99.6785   0.0000    0.0000    99.8972   99.7779   99.7794   99.8859   0.0000    

99.9802   99.9262   0.0000    0.0000    99.6899   0.0000    99.9851   99.9826   99.6894   99.7189   0.0017    0.0000    99.7012   99.6786   0.0000    99.7300   100.1764  0.0000    99.6785   0.0000    99.7232   0.0000    0.0000    0.0000    0.0000    99.7292   99.9505   100.0335  0.0005    100.0495  0.0000    99.9264   0.0000    99.7796   99.9341   99.7090   0.0021    0.0029    0.0008    99.9264   0.0000    99.9342   99.7275   0.0007    100.4629  0.0000    0.0000    99.9520   100.1049  

0.0000    0.0000    99.7779   99.7794   99.8971   99.6265   0.0000    99.7795   99.9085   99.9829   99.7292   99.9502   100.0219  0.0000    99.8860   0.0000    99.8972   99.8860   0.0000    99.7795   99.9080   99.9539   100.2416  100.0534  0.0002    0.0007    100.0248  0.0011    0.0029    0.0000    99.9475   99.9263   0.0000    0.0000    99.7779   99.7794   99.8971   0.0000    99.9832   99.7773   99.6894   99.6260   0.0000    99.6256   0.0000    99.9825   99.6785   0.0000    0.0000    

100.2793  0.0017    0.0000    99.7301   100.2287  99.9271   0.0000    99.7280   99.7482   0.0000    99.9858   0.0042    0.0000    0.0000    0.0000    99.6256   0.0000    0.0000    99.9825   99.6785   0.0000    99.9340   99.7015   0.0028    0.0005    100.0243  0.0008    99.9264   0.0000    99.9503   100.0250  0.0007    100.5288  0.0032    0.0029    0.0007    100.5125  100.2444  100.2444  100.2421  100.0795  0.0000    0.0000    99.9847   99.9077   0.0000    99.7796   99.9348   99.8099   

0.0000    0.0000    99.7796   99.9364   100.2531  0.0007    0.0000    100.0480  0.0000    0.0000    0.0000    0.0000    100.1769  0.0000    99.9342   99.7299   0.0009    0.0000    0.0000    0.0000    99.7011   99.9475   99.9267   0.0000    100.1803  0.0000    99.9343   99.7382   0.0004    0.0007    0.0000    99.9264   0.0000    0.0000    99.9849   99.9346   99.7825   100.2407  100.0166  0.0017    0.0000    99.7529   0.0000    100.0300  0.0007    0.0000    99.9272   0.0000    99.8859   

100.1483  0.0032    0.0028    0.0007    0.0002    0.0034    0.0042    0.0000    99.7244   0.0000    99.8860   0.0000    99.9085   99.7796   99.9355   99.9540   100.4795  0.0008    99.9267   0.0000    99.7957   0.0029    0.0008    99.9263   0.0000    99.8860   0.0000    99.7795   99.9085   99.9341   99.7067   0.0023    0.0019    0.0009    0.0007    100.0473  0.0000    0.0000    99.9498   100.0075  0.0021    0.0017    0.0000    99.9827   99.7016   99.7796   99.9343   99.7391   0.0004    

0.0000    99.8860   0.0000    99.7280   99.7419   0.0017    0.0000    0.0000    99.6901   99.9846   99.8860   0.0000    99.7009   99.7292   99.9539   100.2408  100.0220  0.0000    99.7794   99.8859   0.0000    0.0000    99.7530   0.0000    100.0406  0.0008    99.9271   0.0000    99.7007   0.0000    99.7277   99.7014   0.0028    0.0042    0.0000    0.0000    0.0000    0.0000    99.7796   99.9363   100.1991  0.0042    0.0000    99.7301   100.2777  100.0279  0.0008    0.0010    0.0020    

0.0000    99.9829   99.7292   99.9536   100.5216  100.0305  0.0007    0.0000    100.5290  0.0032    0.0026    0.0000    100.0810  0.0000    99.9851   99.9847   99.8965   0.0000    0.0000    0.0000    0.0000    0.0000    99.7274   0.0007    100.4715  0.0042    0.0000    99.7280   99.7477   0.0000    99.9262   0.0000    0.0000    0.0000    99.7772   99.6785   0.0000    99.9341   99.7065   0.0023    0.0016    0.0000    99.7039   0.0025    0.0001    100.0305  0.0007    0.0000    100.1049  

0.0000    0.0000    99.9851   99.9827   99.7008   99.7529   0.0000    100.0014  0.0026    0.0000    99.9858   0.0042    0.0000    99.9851   99.9829   99.7300   100.1775  0.0000    99.9849   99.9343   99.7361   0.0042    0.0000    0.0000    99.7016   99.7279   99.7273   0.0011    0.0029    0.0000    99.8859   0.0000    0.0000    99.7270   0.0007    100.0293  0.0008    0.0017    0.0000    0.0000    99.6900   99.7772   99.6786   0.0000    99.8971   0.0000    0.0000    99.9825   99.6785   

0.0000    0.0000    99.7015   0.0028    0.0005    100.2444  100.2382  99.9263   0.0000    99.8859   0.0000    99.6257   0.0000    0.0000    99.7279   99.7299   0.0009    0.0000    99.9334   99.6257   0.0000    99.6255   0.0000    0.0000    99.7967   0.0030    0.0017    0.0000    99.6895   99.8859   0.0000    0.0000    0.0000    0.0000    0.0000    99.7794   99.8971   99.9832   99.7779   99.7773   99.6893   0.0000    99.7188   0.0017    0.0000    99.9501   100.0166  0.0017    0.0000    

