100.0960  99.9271   0.0000    99.7796   99.9340   99.6962   0.0033    0.0034    0.0042    0.0000    99.7779   99.7794   99.8859   0.0000    0.0000    99.9539   100.2409  100.0250  0.0007    100.2383  99.9267   0.0000    99.9502   100.0234  0.0012    0.0042    0.0000    99.7779   99.7779   99.7798   99.9825   99.6785   0.0000    

100.0978  100.0166  0.0017    0.0000    0.0000    99.8859   0.0000    99.9539   100.2383  99.9271   0.0000    99.7794   99.8859   0.0000    99.6265   0.0000    99.8860   0.0000    99.6785   0.0000    0.0000    99.6786   0.0000    99.7779   99.7772   99.6786   0.0000    99.7277   99.7006   0.0029    0.0009    0.0017    0.0000    

0.0000    99.7794   99.8859   0.0000    99.6871   0.0042    0.0000    99.9846   99.8860   0.0000    99.8859   0.0000    0.0000    99.9342   99.7306   0.0008    0.0009    0.0012    0.0042    0.0000    99.6265   0.0000    99.7277   99.6993   0.0030    0.0017    0.0000    99.7004   0.0029    0.0007    100.2405  100.0088  0.0020    

99.9445   0.0009    0.0017    0.0000    99.9832   99.7799   99.9851   99.9846   99.8860   0.0000    99.6786   0.0000    99.7776   99.7279   99.7277   0.0010    0.0026    0.0000    100.0252  0.0010    0.0026    0.0000    100.0278  0.0009    0.0011    0.0028    0.0009    0.0007    100.0500  0.0000    100.2405  100.0088  0.0020    

99.9609   0.0000    100.2444  100.2399  99.9858   0.0042    0.0000    0.0000    99.8860   0.0000    99.6785   0.0000    0.0000    99.8859   0.0000    99.6871   0.0042    0.0000    99.9851   99.9829   99.7271   99.6255   0.0000    0.0000    0.0000    99.8860   0.0000    99.9832   99.7776   99.7280   99.7531   0.0000    100.1049  

0.0000    99.6871   0.0042    0.0000    99.7003   0.0029    0.0011    0.0032    0.0029    0.0007    99.9859   0.0042    0.0000    99.6786   0.0000    99.9334   99.6255   0.0000    0.0000    99.9335   99.6265   0.0000    99.6786   0.0000    99.9851   99.9851   99.9825   99.6785   0.0000    0.0000    99.6982   0.0031    0.0020    

100.1005  100.2402  99.9954   0.0032    0.0029    0.0011    0.0029    0.0012    0.0042    0.0000    99.9825   99.6786   0.0000    99.9851   99.9851   99.9825   99.6786   0.0000    99.7278   99.7188   0.0017    0.0000    99.7270   0.0007    100.0019  0.0026    0.0000    99.9272   0.0000    99.9846   99.8859   0.0000    99.8099   

0.0000    99.7776   99.7276   99.6870   0.0042    0.0000    0.0000    99.6260   0.0000    99.6870   0.0042    0.0000    0.0000    0.0000    99.8859   0.0000    0.0000    99.7799   99.9849   99.9340   99.7007   0.0028    0.0009    0.0012    0.0042    0.0000    99.6785   0.0000    99.7303   0.0009    0.0007    100.0363  0.0004    

99.8742   0.0000    99.7794   99.8860   0.0000    99.9849   99.9355   99.9539   100.2383  99.9271   0.0000    99.7779   99.7776   99.7276   99.6871   0.0042    0.0000    99.9825   99.6786   0.0000    99.9342   99.7302   0.0009    0.0011    0.0034    0.0042    0.0000    99.7036   0.0026    0.0000    99.9967   0.0031    0.0020    

99.9238   0.0030    0.0017    0.0000    0.0000    99.9495   99.9948   0.0033    0.0034    0.0042    0.0000    99.9335   99.6265   0.0000    99.7277   99.7037   0.0026    0.0000    100.2410  100.0269  0.0009    0.0017    0.0000    99.7796   99.9342   99.7188   0.0017    0.0000    99.7188   0.0017    0.0000    99.6255   0.0000    

0.0000    99.8860   0.0000    99.9851   99.9832   99.7794   99.8859   0.0000    0.0000    99.9355   99.9504   100.0305  0.0007    0.0000    99.9272   0.0000    99.9344   99.7529   0.0000    99.9995   0.0028    0.0007    0.0000    100.0166  0.0017    0.0000    99.7294   0.0009    0.0017    0.0000    0.0000    99.7794   99.8859   

0.0000    0.0000    0.0000    99.6871   0.0042    0.0000    99.7331   0.0007    0.0000    99.9267   0.0000    99.6265   0.0000    99.7776   99.7292   99.9539   100.2407  100.0166  0.0017    0.0000    0.0000    0.0000    99.7306   0.0008    0.0009    0.0007    100.0249  0.0011    0.0029    0.0007    99.9967   0.0031    0.0020    

99.9430   0.0011    0.0030    0.0017    0.0000    0.0000    0.0000    99.9503   100.0269  0.0009    0.0017    0.0000    0.0000    99.7772   99.6786   0.0000    99.7271   99.6265   0.0000    99.7292   99.9495   99.9955   0.0032    0.0028    0.0007    0.0000    99.9271   0.0000    99.7779   99.7794   99.8859   0.0000    99.8099   

0.0000    0.0000    99.7779   99.7779   99.7794   99.8859   0.0000    0.0000    99.7188   0.0017    0.0000    99.6255   0.0000    0.0000    0.0000    99.9496   99.9992   0.0028    0.0008    0.0009    0.0012    0.0042    0.0000    99.7258   0.0012    0.0042    0.0000    99.7796   99.9334   99.6255   0.0000    0.0000    99.8859   

100.0960  99.9262   0.0000    0.0000    0.0000    99.7292   99.9539   100.2444  100.2410  100.0269  0.0009    0.0017    0.0000    99.8860   0.0000    99.7279   99.7331   0.0007    0.0000    99.9858   0.0042    0.0000    0.0000    0.0000    99.6255   0.0000    0.0000    0.0000    0.0000    0.0000    0.0000    99.6255   0.0000    

0.0000    99.9539   100.2383  99.9272   0.0000    99.9851   99.9832   99.7794   99.8860   0.0000    99.9851   99.9825   99.6785   0.0000    0.0000    99.9496   99.9987   0.0029    0.0007    100.0249  0.0011    0.0029    0.0008    99.9271   0.0000    99.7779   99.7776   99.7292   99.9539   100.2444  100.2405  100.0088  0.0020    

99.8742   0.0000    99.7799   99.9846   99.8860   0.0000    99.9335   99.6265   0.0000    99.9339   99.6871   0.0042    0.0000    99.9340   99.6969   0.0032    0.0029    0.0009    0.0017    0.0000    99.7529   0.0000    100.0252  0.0010    0.0026    0.0000    100.2444  100.2383  99.9272   0.0000    99.9334   99.6255   0.0000    

99.8738   0.0000    99.6260   0.0000    99.7527   0.0000    99.9271   0.0000    99.7772   99.6786   0.0000    99.7772   99.6786   0.0000    99.6785   0.0000    99.6265   0.0000    99.9851   99.9851   99.9851   99.9851   99.9849   99.9334   99.6260   0.0000    99.6265   0.0000    99.6786   0.0000    99.7772   99.6785   0.0000    

0.0000    99.7004   0.0029    0.0007    100.2444  100.2444  100.2402  99.9955   0.0032    0.0029    0.0009    0.0017    0.0000    99.6265   0.0000    99.9335   99.6265   0.0000    99.7794   99.8860   0.0000    99.6785   0.0000    99.9501   100.0166  0.0017    0.0000    99.6871   0.0042    0.0000    99.9849   99.9348   99.8099   

0.0000    99.7796   99.9334   99.6260   0.0000    99.9501   100.0167  0.0017    0.0000    99.7779   99.7798   99.9825   99.6786   0.0000    99.7799   99.9851   99.9846   99.8859   0.0000    99.6969   0.0032    0.0029    0.0011    0.0032    0.0026    0.0000    100.0243  0.0008    99.9272   0.0000    99.8860   0.0000    99.6785   

99.9372   0.0017    0.0000    0.0000    0.0000    0.0000    0.0000    0.0000    99.7271   99.6260   0.0000    99.7269   0.0011    0.0032    0.0030    0.0017    0.0000    99.7779   99.7776   99.7271   99.6255   0.0000    0.0000    99.9539   100.2403  100.0019  0.0026    0.0000    99.9267   0.0000    99.6260   0.0000    99.8099   

100.0972  99.9859   0.0042    0.0000    99.8860   0.0000    99.7796   99.9342   99.7305   0.0008    0.0009    0.0017    0.0000    99.7187   0.0017    0.0000    0.0000    99.9355   99.9476   99.9271   0.0000    99.7772   99.6786   0.0000    99.8860   0.0000    99.7796   99.9355   99.9475   99.9267   0.0000    99.9520   100.1049  

0.0000    99.8860   0.0000    99.6786   0.0000    99.9851   99.9832   99.7776   99.7277   99.7003   0.0029    0.0007    99.9859   0.0042    0.0000    99.9339   99.6871   0.0042    0.0000    99.7794   99.8860   0.0000    99.6786   0.0000    99.8859   0.0000    99.6265   0.0000    99.7779   99.7794   99.8860   0.0000    99.8859   

99.9154   0.0042    0.0000    0.0000    99.7277   99.7003   0.0029    0.0007    100.0305  0.0007    0.0000    99.9859   0.0042    0.0000    99.8860   0.0000    99.6785   0.0000    99.7004   0.0029    0.0007    100.2444  100.2415  100.0497  0.0000    99.9988   0.0029    0.0007    100.2401  99.9937   0.0034    0.0042    0.0000    

99.9450   0.0009    0.0012    0.0042    0.0000    99.7779   99.7772   99.6785   0.0000    99.9501   100.0166  0.0017    0.0000    99.9496   99.9987   0.0029    0.0007    100.0167  0.0017    0.0000    99.9851   99.9832   99.7779   99.7772   99.6786   0.0000    99.9846   99.8860   0.0000    99.8859   0.0000    99.7391   0.0004    

0.0000    99.7258   0.0012    0.0042    0.0000    99.8860   0.0000    99.7799   99.9851   99.9829   99.7271   99.6265   0.0000    99.9825   99.6785   0.0000    0.0000    99.8859   0.0000    0.0000    99.7794   99.8859   0.0000    99.7273   0.0011    0.0029    0.0007    100.2444  100.2409  100.0234  0.0012    0.0042    0.0000    

99.9430   0.0011    0.0029    0.0008    99.9272   0.0000    99.9335   99.6265   0.0000    99.9335   99.6265   0.0000    99.9832   99.7796   99.9334   99.6260   0.0000    99.6952   0.0034    0.0042    0.0000    99.9832   99.7798   99.9832   99.7796   99.9342   99.7267   0.0008    99.9271   0.0000    99.7779   99.7772   99.6785   

99.8742   0.0000    99.9334   99.6260   0.0000    99.6260   0.0000    99.7270   0.0007    99.9977   0.0030    0.0017    0.0000    0.0000    99.7269   0.0007    99.9955   0.0032    0.0028    0.0009    0.0007    100.2383  99.9272   0.0000    99.8860   0.0000    99.9335   99.6265   0.0000    99.9342   99.7272   0.0007    100.1049  

99.9372   0.0017    0.0000    99.9334   99.6255   0.0000    0.0000    99.9832   99.7799   99.9851   99.9829   99.7292   99.9475   99.9262   0.0000    0.0000    99.9829   99.7292   99.9539   100.2399  99.9859   0.0042    0.0000    99.7277   99.7003   0.0029    0.0008    99.9267   0.0000    99.9503   100.0260  0.0010    0.0020    

99.9372   0.0017    0.0000    99.6785   0.0000    0.0000    0.0000    99.7036   0.0026    0.0000    99.9272   0.0000    99.9334   99.6255   0.0000    0.0000    99.7267   0.0008    99.9262   0.0000    0.0000    99.6871   0.0042    0.0000    99.9851   99.9851   99.9832   99.7796   99.9340   99.6971   0.0032    0.0027    0.0004    

0.0000    0.0000    0.0000    99.7270   0.0011    0.0032    0.0026    0.0000    99.9859   0.0042    0.0000    99.9355   99.9503   100.0243  0.0008    99.9271   0.0000    99.7271   99.6260   0.0000    99.9539   100.2410  100.0305  0.0007    0.0000    99.9262   0.0000    0.0000    99.9503   100.0247  0.0011    0.0031    0.0020    

100.0960  99.9271   0.0000    99.7279   99.7274   0.0007    100.2383  99.9267   0.0000    99.7331   0.0007    0.0000    100.0019  0.0026    0.0000    99.9272   0.0000    99.9825   99.6786   0.0000    99.6785   0.0000    0.0000    99.7292   99.9539   100.2444  100.2409  100.0245  0.0007    99.9859   0.0042    0.0000    99.8859   

99.9426   0.0011    0.0034    0.0042    0.0000    99.6785   0.0000    0.0000    99.9849   99.9340   99.7036   0.0026    0.0000    100.0278  0.0009    0.0011    0.0029    0.0007    100.2409  100.0243  0.0008    99.9262   0.0000    0.0000    99.9342   99.7188   0.0017    0.0000    99.9475   99.9262   0.0000    0.0000    0.0000    

0.0000    0.0000    99.9832   99.7798   99.9832   99.7799   99.9851   99.9832   99.7779   99.7794   99.8859   0.0000    99.7188   0.0017    0.0000    99.7189   0.0017    0.0000    99.7796   99.9342   99.7303   0.0009    0.0007    100.2403  99.9992   0.0028    0.0008    0.0009    0.0008    99.9267   0.0000    99.7107   0.0020    

0.0000    99.7794   99.8859   0.0000    99.7533   0.0000    100.2383  99.9272   0.0000    99.9832   99.7796   99.9355   99.9497   100.0020  0.0026    0.0000    100.2383  99.9271   0.0000    99.7779   99.7796   99.9340   99.7036   0.0026    0.0000    100.0269  0.0009    0.0017    0.0000    99.9355   99.9475   99.9262   0.0000    

0.0000    99.9825   99.6786   0.0000    99.9849   99.9335   99.6265   0.0000    99.6786   0.0000    99.7271   99.6265   0.0000    99.9335   99.6265   0.0000    99.9343   99.7331   0.0007    0.0000    100.0167  0.0017    0.0000    99.7794   99.8859   0.0000    0.0000    0.0000    99.9509   100.0497  0.0000    100.0363  0.0004    

99.8739   0.0000    99.9476   99.9271   0.0000    99.7779   99.7779   99.7779   99.7779   99.7799   99.9851   99.9846   99.8860   0.0000    99.7776   99.7276   99.6871   0.0042    0.0000    99.9539   100.2382  99.9262   0.0000    0.0000    99.6265   0.0000    99.7292   99.9503   100.0243  0.0008    99.9271   0.0000    99.6785   

0.0000    0.0000    99.7270   0.0007    99.9988   0.0029    0.0011    0.0029    0.0011    0.0028    0.0007    0.0000    99.9859   0.0042    0.0000    99.7796   99.9342   99.7258   0.0012    0.0042    0.0000    99.7772   99.6786   0.0000    99.8860   0.0000    99.9335   99.6265   0.0000    99.9849   99.9343   99.7391   0.0004    

0.0000    99.7779   99.7798   99.9829   99.7280   99.7527   0.0000    99.9262   0.0000    0.0000    99.7772   99.6786   0.0000    99.6786   0.0000    99.8860   0.0000    99.7292   99.9539   100.2444  100.2444  100.2410  100.0277  0.0009    0.0008    99.9272   0.0000    99.9851   99.9832   99.7779   99.7776   99.7284   99.8099   

99.9455   0.0008    0.0007    0.0000    100.0167  0.0017    0.0000    99.9846   99.8859   0.0000    0.0000    0.0000    0.0000    0.0000    99.6265   0.0000    99.7798   99.9832   99.7796   99.9355   99.9539   100.2444  100.2444  100.2403  99.9988   0.0029    0.0011    0.0029    0.0007    100.0167  0.0017    0.0000    99.6785   

99.9222   0.0032    0.0029    0.0007    100.0234  0.0012    0.0042    0.0000    99.9342   99.7273   0.0011    0.0029    0.0007    100.2403  100.0019  0.0026    0.0000    99.9937   0.0034    0.0042    0.0000    99.9340   99.6952   0.0034    0.0042    0.0000    99.7279   99.7274   0.0007    100.2444  100.2382  99.9262   0.0000    

100.0960  99.9262   0.0000    0.0000    99.6786   0.0000    99.9851   99.9829   99.7278   99.7189   0.0017    0.0000    99.7772   99.6786   0.0000    99.7271   99.6265   0.0000    99.6785   0.0000    99.6255   0.0000    0.0000    0.0000    0.0000    99.7292   99.9509   100.0498  0.0000    100.0500  0.0000    100.2426  100.1049  

0.0000    0.0000    99.7779   99.7796   99.9335   99.6265   0.0000    99.7799   99.9851   99.9829   99.7292   99.9476   99.9272   0.0000    99.8860   0.0000    99.9846   99.8860   0.0000    99.7796   99.9355   99.9539   100.2403  99.9987   0.0029    0.0007    100.0234  0.0012    0.0042    0.0000    99.9475   99.9262   0.0000    

99.9372   0.0017    0.0000    99.7292   99.9476   99.9271   0.0000    99.7280   99.7528   0.0000    99.9858   0.0042    0.0000    0.0000    0.0000    99.6255   0.0000    0.0000    99.9825   99.6786   0.0000    99.9340   99.7036   0.0026    0.0000    100.0243  0.0008    99.9267   0.0000    99.9503   100.0248  0.0007    100.1049  

0.0000    0.0000    99.7796   99.9343   99.7331   0.0007    0.0000    99.9858   0.0042    0.0000    0.0000    0.0000    99.6265   0.0000    99.9342   99.7187   0.0017    0.0000    0.0000    0.0000    99.7292   99.9475   99.9267   0.0000    99.6265   0.0000    99.9342   99.7309   0.0008    0.0007    0.0000    99.9262   0.0000    

99.9222   0.0032    0.0029    0.0011    0.0033    0.0034    0.0042    0.0000    99.6265   0.0000    99.8860   0.0000    99.9832   99.7796   99.9355   99.9503   100.0243  0.0008    99.9267   0.0000    99.7003   0.0029    0.0008    99.9272   0.0000    99.8860   0.0000    99.7799   99.9849   99.9340   99.7019   0.0027    0.0004    

0.0000    99.8860   0.0000    99.7278   99.7187   0.0017    0.0000    0.0000    99.7799   99.9846   99.8860   0.0000    99.7776   99.7292   99.9539   100.2383  99.9271   0.0000    99.7794   99.8859   0.0000    0.0000    99.7529   0.0000    100.0243  0.0008    99.9271   0.0000    99.6786   0.0000    99.7277   99.7107   0.0020    

0.0000    99.9829   99.7292   99.9539   100.2410  100.0305  0.0007    0.0000    99.9958   0.0032    0.0026    0.0000    99.9272   0.0000    99.9851   99.9846   99.8859   0.0000    0.0000    0.0000    0.0000    0.0000    99.7269   0.0007    99.9859   0.0042    0.0000    99.7280   99.7527   0.0000    99.9267   0.0000    99.8099   

0.0000    0.0000    99.9851   99.9829   99.7280   99.7529   0.0000    100.0019  0.0026    0.0000    99.9859   0.0042    0.0000    99.9851   99.9829   99.7271   99.6265   0.0000    99.9849   99.9339   99.6870   0.0042    0.0000    0.0000    99.7776   99.7279   99.7258   0.0012    0.0042    0.0000    99.8859   0.0000    0.0000    

0.0000    0.0000    99.7037   0.0026    0.0000    100.2444  100.2383  99.9272   0.0000    99.8859   0.0000    99.6255   0.0000    0.0000    99.7278   99.7189   0.0017    0.0000    99.9334   99.6260   0.0000    99.6255   0.0000    0.0000    99.6993   0.0030    0.0017    0.0000    99.7794   99.8859   0.0000    0.0000    0.0000    

